X,Y,Z
0.05859375,-0.0390625,0.76953125
0.05859375,-0.0390625,0.76953125
0.05859375,-0.0390625,0.76953125
0.05859375,-0.046875,0.77734375
0.05859375,-0.046875,0.77734375
0.05859375,-0.046875,0.77734375
0.05859375,-0.046875,0.77734375
0.05859375,-0.046875,0.77734375
0.05859375,-0.046875,0.77734375
0.05859375,-0.046875,0.77734375
0.05859375,-0.046875,0.77734375
0.05859375,-0.046875,0.77734375
0.05859375,-0.046875,0.77734375
0.05859375,-0.046875,0.77734375
0.05859375,-0.046875,0.77734375
0.05859375,-0.046875,0.77734375
0.05859375,-0.0390625,0.78125
0.05859375,-0.0390625,0.78125
0.05859375,-0.0390625,0.78125
0.05859375,-0.0390625,0.78125
0.05859375,-0.0390625,0.78125
0.05859375,-0.0390625,0.78125
0.05859375,-0.0390625,0.78125
0.05859375,-0.0390625,0.78125
0.05859375,-0.0390625,0.78125
0.05859375,-0.0390625,0.78125
0.05859375,-0.0390625,0.78125
0.05859375,-0.0390625,0.78125
0.06640625,-0.046875,0.7890625
0.06640625,-0.046875,0.7890625
0.06640625,-0.046875,0.7890625
0.06640625,-0.046875,0.7890625
0.05859375,-0.046875,0.7890625
0.05859375,-0.046875,0.7890625
0.05859375,-0.046875,0.7890625
0.05859375,-0.046875,0.7890625
0.05859375,-0.046875,0.7890625
0.05859375,-0.046875,0.7890625
0.05859375,-0.046875,0.7890625
0.05859375,-0.046875,0.7890625
0.05859375,-0.046875,0.7890625
0.05859375,-0.046875,0.7890625
0.05859375,-0.046875,0.7890625
0.05859375,-0.046875,0.7890625
0.05859375,-0.046875,0.7890625
0.05859375,-0.046875,0.7890625
0.05859375,-0.046875,0.7890625
0.05859375,-0.046875,0.7890625
0.0703125,-0.046875,0.80078125
0.0703125,-0.046875,0.80078125
0.0703125,-0.046875,0.80078125
0.0703125,-0.046875,0.80078125
0.0625,-0.05859375,0.8125
0.0625,-0.05859375,0.8125
0.0625,-0.05859375,0.8125
0.0625,-0.05859375,0.8125
0.0625,-0.05859375,0.8125
0.0625,-0.05859375,0.8125
0.0625,-0.05859375,0.8125
0.0625,-0.05859375,0.8125
0.0625,-0.05859375,0.8125
0.0625,-0.05859375,0.8125
0.0625,-0.05859375,0.8125
0.0625,-0.05859375,0.8125
0.05859375,-0.05078125,0.81640625
0.05859375,-0.05078125,0.81640625
0.05859375,-0.05078125,0.81640625
0.05859375,-0.05078125,0.81640625
0.05859375,-0.05078125,0.81640625
0.05859375,-0.05078125,0.81640625
0.05859375,-0.05078125,0.81640625
0.05859375,-0.05078125,0.81640625
0.05859375,-0.05078125,0.81640625
0.05859375,-0.05078125,0.81640625
0.05859375,-0.05078125,0.81640625
0.05859375,-0.05078125,0.81640625
0.0625,-0.0546875,0.83203125
0.0625,-0.0546875,0.83203125
0.0625,-0.0546875,0.83203125
0.0625,-0.0546875,0.83203125
0.05859375,-0.05859375,0.8203125
0.05859375,-0.05859375,0.8203125
0.05859375,-0.05859375,0.8203125
0.05859375,-0.05859375,0.8203125
0.05859375,-0.05859375,0.8203125
0.05859375,-0.05859375,0.8203125
0.05859375,-0.05859375,0.8203125
0.05859375,-0.05859375,0.8203125
0.05859375,-0.05859375,0.8203125
0.05859375,-0.05859375,0.8203125
0.05859375,-0.05859375,0.8203125
0.05859375,-0.05859375,0.8203125
0.05859375,-0.05859375,0.8203125
0.05859375,-0.05859375,0.8203125
0.05859375,-0.05859375,0.8203125
0.05859375,-0.05859375,0.8203125
0.05859375,-0.0625,0.82421875
0.05859375,-0.0625,0.82421875
0.05859375,-0.0625,0.82421875
0.05859375,-0.0625,0.82421875
0.05859375,-0.0546875,0.828125
0.05859375,-0.0546875,0.828125
0.05859375,-0.0546875,0.828125
0.05859375,-0.0546875,0.828125
0.05859375,-0.0546875,0.828125
0.05859375,-0.0546875,0.828125
0.05859375,-0.0546875,0.828125
0.05859375,-0.0546875,0.828125
0.05859375,-0.0546875,0.828125
0.05859375,-0.0546875,0.828125
0.05859375,-0.0546875,0.828125
0.05859375,-0.0546875,0.828125
0.05859375,-0.05078125,0.81640625
0.05859375,-0.05078125,0.81640625
0.05859375,-0.05078125,0.81640625
0.05859375,-0.05078125,0.81640625
0.05859375,-0.05078125,0.81640625
0.05859375,-0.05078125,0.81640625
0.05859375,-0.05078125,0.81640625
0.05859375,-0.05078125,0.81640625
0.05859375,-0.05078125,0.81640625
0.05859375,-0.05078125,0.81640625
0.05859375,-0.05078125,0.81640625
0.05859375,-0.05078125,0.81640625
0.05859375,-0.05078125,0.81640625
0.06640625,-0.0546875,0.8125
0.06640625,-0.0546875,0.8125
0.06640625,-0.0546875,0.8125
0.05859375,-0.05859375,0.8125
0.05859375,-0.05859375,0.8125
0.05859375,-0.05859375,0.8125
0.05859375,-0.05859375,0.8125
0.05859375,-0.05859375,0.8125
0.05859375,-0.05859375,0.8125
0.05859375,-0.05859375,0.8125
0.05859375,-0.05859375,0.8125
0.05859375,-0.05859375,0.8125
0.05859375,-0.05859375,0.8125
0.05859375,-0.05859375,0.8125
0.05859375,-0.05859375,0.8125
0.05859375,-0.05859375,0.8125
0.05859375,-0.05859375,0.8125
0.05859375,-0.05859375,0.8125
0.05859375,-0.05859375,0.8125
0.0625,-0.046875,0.80078125
0.0625,-0.046875,0.80078125
0.0625,-0.046875,0.80078125
0.0625,-0.046875,0.80078125
0.0546875,-0.05078125,0.8046875
0.0546875,-0.05078125,0.8046875
0.0546875,-0.05078125,0.8046875
0.0546875,-0.05078125,0.8046875
0.0546875,-0.05078125,0.8046875
0.0546875,-0.05078125,0.8046875
0.0546875,-0.05078125,0.8046875
0.0546875,-0.05078125,0.8046875
0.0546875,-0.05078125,0.8046875
0.0546875,-0.05078125,0.8046875
0.0546875,-0.05078125,0.8046875
0.0546875,-0.05078125,0.8046875
0.0546875,-0.046875,0.79296875
0.0546875,-0.046875,0.79296875
0.0546875,-0.046875,0.79296875
0.0546875,-0.046875,0.79296875
0.0546875,-0.046875,0.79296875
0.0546875,-0.046875,0.79296875
0.0546875,-0.046875,0.79296875
0.0546875,-0.046875,0.79296875
0.0546875,-0.046875,0.79296875
0.0546875,-0.046875,0.79296875
0.0546875,-0.046875,0.79296875
0.0546875,-0.046875,0.79296875
0.0546875,-0.046875,0.79296875
0.0546875,-0.04296875,0.78515625
0.0546875,-0.04296875,0.78515625
0.0546875,-0.04296875,0.78515625
0.05078125,-0.046875,0.78515625
0.05078125,-0.046875,0.78515625
0.05078125,-0.046875,0.78515625
0.05078125,-0.046875,0.78515625
0.05078125,-0.046875,0.78515625
0.05078125,-0.046875,0.78515625
0.05078125,-0.046875,0.78515625
0.05078125,-0.046875,0.78515625
0.05078125,-0.046875,0.78515625
0.05078125,-0.046875,0.78515625
0.05078125,-0.046875,0.78515625
0.05078125,-0.046875,0.78515625
0.05078125,-0.046875,0.78515625
0.05078125,-0.046875,0.78515625
0.05078125,-0.046875,0.78515625
0.05078125,-0.046875,0.78515625
0.0546875,-0.0390625,0.78515625
0.0546875,-0.0390625,0.78515625
0.0546875,-0.0390625,0.78515625
0.0546875,-0.0390625,0.78515625
0.0546875,-0.0390625,0.78515625
0.05078125,-0.046875,0.78515625
0.05078125,-0.046875,0.78515625
0.05078125,-0.046875,0.78515625
0.05078125,-0.046875,0.78515625
0.05078125,-0.046875,0.78515625
0.05078125,-0.046875,0.78515625
0.05078125,-0.046875,0.78515625
0.05078125,-0.046875,0.78515625
0.05078125,-0.046875,0.78515625
0.05078125,-0.046875,0.78515625
0.05078125,-0.046875,0.78515625
0.0625,-0.046875,0.7734375
0.0625,-0.046875,0.7734375
0.0625,-0.046875,0.7734375
0.0625,-0.046875,0.7734375
0.0625,-0.046875,0.7734375
0.0625,-0.046875,0.7734375
0.0625,-0.046875,0.7734375
0.0625,-0.046875,0.7734375
0.0625,-0.046875,0.7734375
0.0625,-0.046875,0.7734375
0.0625,-0.046875,0.7734375
0.0625,-0.046875,0.7734375
0.0625,-0.046875,0.7734375
0.0625,-0.046875,0.7734375
0.05859375,-0.0390625,0.7734375
0.05859375,-0.0390625,0.7734375
0.0625,-0.046875,0.7734375
0.0625,-0.046875,0.7734375
0.0625,-0.046875,0.7734375
0.0625,-0.046875,0.7734375
0.0625,-0.046875,0.7734375
0.0625,-0.046875,0.7734375
0.0625,-0.046875,0.7734375
0.0625,-0.046875,0.7734375
0.0625,-0.046875,0.7734375
0.0625,-0.046875,0.7734375
0.0625,-0.046875,0.7734375
0.0625,-0.046875,0.7734375
0.0625,-0.046875,0.7734375
0.0625,-0.046875,0.7734375
0.0625,-0.046875,0.7734375
0.0625,-0.046875,0.7734375
0.0625,-0.046875,0.7890625
0.0625,-0.046875,0.7890625
0.0625,-0.046875,0.7890625
0.0625,-0.046875,0.7890625
0.0625,-0.046875,0.7890625
0.05859375,-0.0390625,0.765625
0.05859375,-0.0390625,0.765625
0.05859375,-0.0390625,0.765625
0.05859375,-0.0390625,0.765625
0.05859375,-0.0390625,0.765625
0.05859375,-0.0390625,0.765625
0.05859375,-0.0390625,0.765625
0.05859375,-0.0390625,0.765625
0.05859375,-0.0390625,0.765625
0.05859375,-0.0390625,0.765625
0.05859375,-0.0390625,0.765625
0.0625,-0.0390625,0.77734375
0.0625,-0.0390625,0.77734375
0.0625,-0.0390625,0.77734375
0.0625,-0.0390625,0.77734375
0.0625,-0.0390625,0.77734375
0.0625,-0.0390625,0.77734375
0.0625,-0.0390625,0.77734375
0.0625,-0.0390625,0.77734375
0.0625,-0.0390625,0.77734375
0.0625,-0.0390625,0.77734375
0.0625,-0.0390625,0.77734375
0.0625,-0.0390625,0.77734375
0.0625,-0.0390625,0.77734375
0.0625,-0.0390625,0.77734375
0.06640625,-0.03515625,0.7734375
0.06640625,-0.03515625,0.7734375
0.05859375,-0.05078125,0.78125
0.05859375,-0.05078125,0.78125
0.05859375,-0.05078125,0.78125
0.05859375,-0.05078125,0.78125
0.05859375,-0.05078125,0.78125
0.05859375,-0.05078125,0.78125
0.05859375,-0.05078125,0.78125
0.05859375,-0.05078125,0.78125
0.05859375,-0.05078125,0.78125
0.05859375,-0.05078125,0.78125
0.05859375,-0.05078125,0.78125
0.05859375,-0.05078125,0.78125
0.05859375,-0.05078125,0.78125
0.05859375,-0.05078125,0.78125
0.05859375,-0.05078125,0.78125
0.05859375,-0.05078125,0.78125
0.0546875,-0.046875,0.79296875
0.0546875,-0.046875,0.79296875
0.0546875,-0.046875,0.79296875
0.0546875,-0.046875,0.79296875
0.0546875,-0.046875,0.79296875
0.0546875,-0.046875,0.79296875
0.05859375,-0.05078125,0.79296875
0.05859375,-0.05078125,0.79296875
0.05859375,-0.05078125,0.79296875
0.05859375,-0.05078125,0.79296875
0.05859375,-0.05078125,0.79296875
0.05859375,-0.05078125,0.79296875
0.05859375,-0.05078125,0.79296875
0.05859375,-0.05078125,0.79296875
0.05859375,-0.05078125,0.79296875
0.05859375,-0.05078125,0.79296875
0.0625,-0.05078125,0.8046875
0.0625,-0.05078125,0.8046875
0.0625,-0.05078125,0.8046875
0.0625,-0.05078125,0.8046875
0.0625,-0.05078125,0.8046875
0.0625,-0.05078125,0.8046875
0.0625,-0.05078125,0.8046875
0.0625,-0.05078125,0.8046875
0.0625,-0.05078125,0.8046875
0.0625,-0.05078125,0.8046875
0.0625,-0.05078125,0.8046875
0.0625,-0.05078125,0.8046875
0.05859375,-0.046875,0.80078125
0.05859375,-0.046875,0.80078125
0.05859375,-0.046875,0.80078125
0.05859375,-0.046875,0.80078125
0.05859375,-0.05078125,0.81640625
0.05859375,-0.05078125,0.81640625
0.05859375,-0.05078125,0.81640625
0.05859375,-0.05078125,0.81640625
0.05859375,-0.05078125,0.81640625
0.05859375,-0.05078125,0.81640625
0.05859375,-0.05078125,0.81640625
0.05859375,-0.05078125,0.81640625
0.05859375,-0.05078125,0.81640625
0.05859375,-0.05078125,0.81640625
0.05859375,-0.05078125,0.81640625
0.05859375,-0.05078125,0.81640625
0.05859375,-0.05078125,0.81640625
0.05859375,-0.05078125,0.81640625
0.05859375,-0.05078125,0.81640625
0.05859375,-0.05078125,0.81640625
0.05859375,-0.0546875,0.828125
0.05859375,-0.0546875,0.828125
0.05859375,-0.0546875,0.828125
0.05859375,-0.0546875,0.828125
0.05859375,-0.0546875,0.828125
0.05859375,-0.0546875,0.828125
0.0625,-0.0546875,0.82421875
0.0625,-0.0546875,0.82421875
0.0625,-0.0546875,0.82421875
0.0625,-0.0546875,0.82421875
0.0625,-0.0546875,0.82421875
0.0625,-0.0546875,0.82421875
0.0625,-0.0546875,0.82421875
0.0625,-0.0546875,0.82421875
0.0625,-0.0546875,0.82421875
0.0625,-0.0546875,0.82421875
0.0625,-0.05859375,0.8203125
0.0625,-0.05859375,0.8203125
0.0625,-0.05859375,0.8203125
0.0625,-0.05859375,0.8203125
0.0625,-0.05859375,0.8203125
0.0625,-0.05859375,0.8203125
0.0625,-0.05859375,0.8203125
0.0625,-0.05859375,0.8203125
0.0625,-0.05859375,0.8203125
0.0625,-0.05859375,0.8203125
0.0625,-0.05859375,0.8203125
0.0625,-0.05859375,0.8203125
0.0625,-0.05859375,0.8203125
0.0625,-0.05859375,0.8203125
0.0625,-0.05859375,0.8203125
0.05859375,-0.05078125,0.80859375
0.05859375,-0.05859375,0.8203125
0.05859375,-0.05859375,0.8203125
0.05859375,-0.05859375,0.8203125
0.05859375,-0.05859375,0.8203125
0.05859375,-0.05859375,0.8203125
0.05859375,-0.05859375,0.8203125
0.05859375,-0.05859375,0.8203125
0.05859375,-0.05859375,0.8203125
0.05859375,-0.05859375,0.8203125
0.05859375,-0.05859375,0.8203125
0.05859375,-0.05859375,0.8203125
0.05859375,-0.05859375,0.8203125
0.05859375,-0.05859375,0.8203125
0.05859375,-0.05859375,0.8203125
0.05859375,-0.05859375,0.8203125
0.05859375,-0.05859375,0.8203125
0.05859375,-0.05078125,0.80859375
0.05859375,-0.05078125,0.80859375
0.05859375,-0.05078125,0.80859375
0.05859375,-0.05078125,0.80859375
0.05859375,-0.05078125,0.80859375
0.05859375,-0.05078125,0.8125
0.05859375,-0.05078125,0.8125
0.05859375,-0.05078125,0.8125
0.05859375,-0.05078125,0.8125
0.05859375,-0.05078125,0.8125
0.05859375,-0.05078125,0.8125
0.05859375,-0.05078125,0.8125
0.05859375,-0.05078125,0.8125
0.05859375,-0.05078125,0.8125
0.05859375,-0.05078125,0.8125
0.05859375,-0.05078125,0.8125
0.05859375,-0.05078125,0.80078125
0.05859375,-0.05078125,0.80078125
0.05859375,-0.05078125,0.80078125
0.05859375,-0.05078125,0.80078125
0.05859375,-0.05078125,0.80078125
0.05859375,-0.05078125,0.80078125
0.05859375,-0.05078125,0.80078125
0.05859375,-0.05078125,0.80078125
0.05859375,-0.05078125,0.80078125
0.05859375,-0.05078125,0.80078125
0.05859375,-0.05078125,0.80078125
0.05859375,-0.05078125,0.80078125
0.05859375,-0.05078125,0.80078125
0.05859375,-0.05078125,0.80078125
0.05859375,-0.05078125,0.80078125
0.05078125,-0.046875,0.79296875
0.0546875,-0.05078125,0.78515625
0.0546875,-0.05078125,0.78515625
0.0546875,-0.05078125,0.78515625
0.0546875,-0.05078125,0.78515625
0.0546875,-0.05078125,0.78515625
0.0546875,-0.05078125,0.78515625
0.0546875,-0.05078125,0.78515625
0.0546875,-0.05078125,0.78515625
0.0546875,-0.05078125,0.78515625
0.0546875,-0.05078125,0.78515625
0.0546875,-0.05078125,0.78515625
0.0546875,-0.05078125,0.78515625
0.0546875,-0.05078125,0.78515625
0.0546875,-0.05078125,0.78515625
0.0546875,-0.05078125,0.78515625
0.0546875,-0.05078125,0.78515625
0.05859375,-0.05078125,0.7890625
0.05859375,-0.05078125,0.7890625
0.05859375,-0.05078125,0.7890625
0.05859375,-0.05078125,0.7890625
0.05859375,-0.05078125,0.7890625
0.05859375,-0.05078125,0.7890625
0.05859375,-0.05078125,0.7890625
0.05859375,-0.046875,0.77734375
0.05859375,-0.046875,0.77734375
0.05859375,-0.046875,0.77734375
0.05859375,-0.046875,0.77734375
0.05859375,-0.046875,0.77734375
0.05859375,-0.046875,0.77734375
0.05859375,-0.046875,0.77734375
0.05859375,-0.046875,0.77734375
0.05859375,-0.046875,0.77734375
0.0546875,-0.03515625,0.77734375
0.0546875,-0.03515625,0.77734375
0.0546875,-0.03515625,0.77734375
0.0546875,-0.03515625,0.77734375
0.0546875,-0.03515625,0.77734375
0.0546875,-0.03515625,0.77734375
0.0546875,-0.03515625,0.77734375
0.0546875,-0.03515625,0.77734375
0.0546875,-0.03515625,0.77734375
0.0546875,-0.03515625,0.77734375
0.0546875,-0.03515625,0.77734375
0.0546875,-0.03515625,0.77734375
0.0546875,-0.03515625,0.77734375
0.05859375,-0.0390625,0.78125
0.05859375,-0.0390625,0.78125
0.05859375,-0.0390625,0.78125
0.05859375,-0.0390625,0.77734375
0.05859375,-0.0390625,0.77734375
0.05859375,-0.0390625,0.77734375
0.05859375,-0.0390625,0.77734375
0.05859375,-0.0390625,0.77734375
0.05859375,-0.0390625,0.77734375
0.05859375,-0.0390625,0.77734375
0.05859375,-0.0390625,0.77734375
0.05859375,-0.0390625,0.77734375
0.05859375,-0.0390625,0.77734375
0.05859375,-0.0390625,0.77734375
0.05859375,-0.0390625,0.77734375
0.05859375,-0.0390625,0.77734375
0.05859375,-0.0390625,0.77734375
0.05859375,-0.0390625,0.77734375
0.05859375,-0.0390625,0.77734375
0.0546875,-0.0390625,0.7734375
0.0546875,-0.0390625,0.7734375
0.0546875,-0.0390625,0.7734375
0.0546875,-0.0390625,0.7734375
0.0546875,-0.0390625,0.7734375
0.0546875,-0.0390625,0.7734375
0.05859375,-0.0390625,0.78125
0.05859375,-0.0390625,0.78125
0.05859375,-0.0390625,0.78125
0.05859375,-0.0390625,0.78125
0.05859375,-0.0390625,0.78125
0.05859375,-0.0390625,0.78125
0.05859375,-0.0390625,0.78125
0.05859375,-0.0390625,0.78125
0.05859375,-0.0390625,0.78125
0.05859375,-0.0390625,0.78125
0.0625,-0.04296875,0.77734375
0.0625,-0.04296875,0.77734375
0.0625,-0.04296875,0.77734375
0.0625,-0.04296875,0.77734375
0.0625,-0.04296875,0.77734375
0.0625,-0.04296875,0.77734375
0.0625,-0.04296875,0.77734375
0.0625,-0.04296875,0.77734375
0.0625,-0.04296875,0.77734375
0.0625,-0.04296875,0.77734375
0.0625,-0.04296875,0.77734375
0.0625,-0.04296875,0.77734375
0.0625,-0.04296875,0.77734375
0.0625,-0.04296875,0.77734375
0.0625,-0.04296875,0.77734375
0.0625,-0.04296875,0.77734375
0.0546875,-0.0390625,0.76953125
0.0546875,-0.0390625,0.76953125
0.0546875,-0.0390625,0.76953125
0.0546875,-0.0390625,0.76953125
0.0546875,-0.0390625,0.76953125
0.0546875,-0.0390625,0.76953125
0.0546875,-0.0390625,0.76953125
0.0546875,-0.0390625,0.76953125
0.0546875,-0.0390625,0.76953125
0.0546875,-0.0390625,0.76953125
0.0546875,-0.0390625,0.76953125
0.0546875,-0.0390625,0.76953125
0.0546875,-0.0390625,0.76953125
0.0546875,-0.0390625,0.76953125
0.0546875,-0.0390625,0.76953125
0.0546875,-0.0390625,0.76953125
0.0625,-0.046875,0.78125
0.0625,-0.046875,0.78125
0.0625,-0.046875,0.78125
0.0625,-0.046875,0.78125
0.0625,-0.046875,0.78125
0.0625,-0.046875,0.78125
0.0625,-0.046875,0.78125
0.0625,-0.046875,0.78125
0.0625,-0.05078125,0.78515625
0.0625,-0.05078125,0.78515625
0.0625,-0.05078125,0.78515625
0.0625,-0.05078125,0.78515625
0.0625,-0.05078125,0.78515625
0.0625,-0.05078125,0.78515625
0.0625,-0.05078125,0.78515625
0.0625,-0.05078125,0.78515625
0.05859375,-0.046875,0.79296875
0.05859375,-0.046875,0.79296875
0.05859375,-0.046875,0.79296875
0.05859375,-0.046875,0.79296875
0.05859375,-0.046875,0.79296875
0.05859375,-0.046875,0.79296875
0.05859375,-0.046875,0.79296875
0.05859375,-0.046875,0.79296875
0.05859375,-0.046875,0.79296875
0.05859375,-0.046875,0.79296875
0.05859375,-0.046875,0.79296875
0.05859375,-0.046875,0.79296875
0.05859375,-0.046875,0.79296875
0.05859375,-0.046875,0.79296875
0.05859375,-0.046875,0.79296875
0.05859375,-0.046875,0.79296875
0.05859375,-0.05859375,0.79296875
0.05859375,-0.05859375,0.79296875
0.05859375,-0.05859375,0.79296875
0.05859375,-0.05859375,0.79296875
0.05859375,-0.05859375,0.79296875
0.05859375,-0.05859375,0.79296875
0.05859375,-0.05859375,0.79296875
0.05859375,-0.05859375,0.79296875
0.05859375,-0.05859375,0.79296875
0.05859375,-0.05859375,0.79296875
0.05859375,-0.05859375,0.79296875
0.05859375,-0.05859375,0.79296875
0.05859375,-0.05859375,0.79296875
0.05859375,-0.05859375,0.79296875
0.05859375,-0.05859375,0.79296875
0.05859375,-0.05859375,0.79296875
0.05859375,-0.0546875,0.8125
0.05859375,-0.0546875,0.8125
0.05859375,-0.0546875,0.8125
0.05859375,-0.0546875,0.8125
0.05859375,-0.0546875,0.8125
0.05859375,-0.0546875,0.8125
0.05859375,-0.0546875,0.8125
0.05859375,-0.0546875,0.8125
0.05859375,-0.04296875,0.81640625
0.05859375,-0.04296875,0.81640625
0.05859375,-0.04296875,0.81640625
0.05859375,-0.04296875,0.81640625
0.05859375,-0.04296875,0.81640625
0.05859375,-0.04296875,0.81640625
0.05859375,-0.04296875,0.81640625
0.05859375,-0.04296875,0.81640625
0.05859375,-0.05859375,0.828125
0.05859375,-0.05859375,0.828125
0.05859375,-0.05859375,0.828125
0.05859375,-0.05859375,0.828125
0.05859375,-0.05859375,0.828125
0.05859375,-0.05859375,0.828125
0.05859375,-0.05859375,0.828125
0.05859375,-0.05859375,0.828125
0.05859375,-0.05859375,0.828125
0.05859375,-0.05859375,0.828125
0.05859375,-0.05859375,0.828125
0.05859375,-0.05859375,0.828125
0.05859375,-0.05859375,0.828125
0.05859375,-0.05859375,0.828125
0.05859375,-0.05859375,0.828125
0.05859375,-0.05859375,0.828125
0.05859375,-0.0546875,0.82421875
0.05859375,-0.0546875,0.82421875
0.05859375,-0.0546875,0.82421875
0.05859375,-0.0546875,0.82421875
0.05859375,-0.0546875,0.82421875
0.05859375,-0.0546875,0.82421875
0.05859375,-0.0546875,0.82421875
0.05859375,-0.0546875,0.82421875
0.05859375,-0.0546875,0.82421875
0.05859375,-0.0546875,0.82421875
0.05859375,-0.0546875,0.82421875
0.05859375,-0.0546875,0.82421875
0.05859375,-0.0546875,0.82421875
0.05859375,-0.0546875,0.82421875
0.05859375,-0.0546875,0.82421875
0.05859375,-0.0546875,0.82421875
0.0625,-0.0546875,0.8203125
0.0625,-0.0546875,0.8203125
0.0625,-0.0546875,0.8203125
0.0625,-0.0546875,0.8203125
0.0625,-0.0546875,0.8203125
0.0625,-0.0546875,0.8203125
0.0625,-0.0546875,0.8203125
0.0625,-0.0546875,0.8203125
0.0625,-0.0546875,0.80859375
0.0625,-0.0546875,0.80859375
0.0625,-0.0546875,0.80859375
0.0625,-0.0546875,0.80859375
0.0625,-0.0546875,0.80859375
0.0625,-0.0546875,0.80859375
0.0625,-0.0546875,0.80859375
0.0625,-0.0546875,0.80859375
0.05859375,-0.046875,0.8046875
0.05859375,-0.046875,0.8046875
0.05859375,-0.046875,0.8046875
0.05859375,-0.046875,0.8046875
0.05859375,-0.046875,0.8046875
0.05859375,-0.046875,0.8046875
0.05859375,-0.046875,0.8046875
0.05859375,-0.046875,0.8046875
0.05859375,-0.046875,0.8046875
0.05859375,-0.046875,0.8046875
0.05859375,-0.046875,0.8046875
0.05859375,-0.046875,0.8046875
0.05859375,-0.046875,0.8046875
0.05859375,-0.046875,0.8046875
0.05859375,-0.046875,0.8046875
0.05859375,-0.046875,0.8046875
0.05859375,-0.046875,0.79296875
0.05859375,-0.046875,0.79296875
0.05859375,-0.046875,0.79296875
0.05859375,-0.046875,0.79296875
0.05859375,-0.046875,0.79296875
0.05859375,-0.046875,0.79296875
0.05859375,-0.046875,0.79296875
0.05859375,-0.046875,0.79296875
0.05859375,-0.046875,0.79296875
0.05859375,-0.046875,0.79296875
0.05859375,-0.046875,0.79296875
0.05859375,-0.046875,0.79296875
0.05859375,-0.046875,0.79296875
0.05859375,-0.046875,0.79296875
0.05859375,-0.046875,0.79296875
0.05859375,-0.046875,0.79296875
0.0546875,-0.04296875,0.796875
0.0546875,-0.04296875,0.796875
0.0546875,-0.04296875,0.796875
0.0546875,-0.04296875,0.796875
0.0546875,-0.04296875,0.796875
0.0546875,-0.04296875,0.796875
0.0546875,-0.04296875,0.796875
0.0546875,-0.04296875,0.796875
0.0546875,-0.04296875,0.796875
0.05859375,-0.046875,0.78125
0.05859375,-0.046875,0.78125
0.05859375,-0.046875,0.78125
0.05859375,-0.046875,0.78125
0.05859375,-0.046875,0.78125
0.05859375,-0.046875,0.78125
0.05859375,-0.046875,0.78125
0.05859375,-0.05078125,0.79296875
0.05859375,-0.05078125,0.79296875
0.05859375,-0.05078125,0.79296875
0.05859375,-0.05078125,0.79296875
0.05859375,-0.05078125,0.79296875
0.05859375,-0.05078125,0.79296875
0.05859375,-0.05078125,0.79296875
0.05859375,-0.05078125,0.79296875
0.05859375,-0.05078125,0.79296875
0.05859375,-0.05078125,0.79296875
0.05859375,-0.05078125,0.79296875
0.05859375,-0.05078125,0.79296875
0.05859375,-0.05078125,0.79296875
0.05859375,-0.05078125,0.79296875
0.05859375,-0.05078125,0.79296875
0.05859375,-0.05078125,0.79296875
0.0625,-0.04296875,0.77734375
0.0625,-0.046875,0.78125
0.0625,-0.046875,0.78125
0.0625,-0.046875,0.78125
0.0625,-0.046875,0.78125
0.0625,-0.046875,0.78125
0.0625,-0.046875,0.78125
0.0625,-0.046875,0.78125
0.0625,-0.046875,0.78125
0.0625,-0.046875,0.78125
0.0625,-0.046875,0.78125
0.0625,-0.046875,0.78125
0.0625,-0.046875,0.78125
0.0625,-0.046875,0.78125
0.0625,-0.046875,0.78125
0.0625,-0.046875,0.78125
0.05859375,-0.046875,0.78515625
0.05859375,-0.046875,0.78515625
0.05859375,-0.046875,0.78515625
0.05859375,-0.046875,0.78515625
0.05859375,-0.046875,0.78515625
0.05859375,-0.046875,0.78515625
0.0625,-0.0390625,0.78125
0.0625,-0.0390625,0.78125
0.0625,-0.0390625,0.78125
0.0625,-0.0390625,0.78125
0.0625,-0.0390625,0.78125
0.0625,-0.0390625,0.78125
0.0625,-0.0390625,0.78125
0.0625,-0.0390625,0.78125
0.0625,-0.0390625,0.78125
0.0625,-0.0390625,0.78125
0.0546875,-0.046875,0.77734375
0.0546875,-0.046875,0.77734375
0.0546875,-0.046875,0.77734375
0.0546875,-0.046875,0.77734375
0.0546875,-0.046875,0.77734375
0.0546875,-0.046875,0.77734375
0.0546875,-0.046875,0.77734375
0.0546875,-0.046875,0.77734375
0.0546875,-0.046875,0.77734375
0.0546875,-0.046875,0.77734375
0.0546875,-0.046875,0.77734375
0.0546875,-0.046875,0.77734375
0.0546875,-0.046875,0.77734375
0.0546875,-0.046875,0.77734375
0.0546875,-0.046875,0.77734375
0.0546875,-0.046875,0.77734375
0.0625,-0.04296875,0.78125
0.0625,-0.0390625,0.7734375
0.0625,-0.0390625,0.7734375
0.0625,-0.0390625,0.7734375
0.0625,-0.0390625,0.7734375
0.0625,-0.0390625,0.7734375
0.0625,-0.0390625,0.7734375
0.0625,-0.0390625,0.7734375
0.0625,-0.0390625,0.7734375
0.0625,-0.0390625,0.7734375
0.0625,-0.0390625,0.7734375
0.0625,-0.0390625,0.7734375
0.0625,-0.0390625,0.7734375
0.0625,-0.0390625,0.7734375
0.0625,-0.0390625,0.7734375
0.0625,-0.0390625,0.7734375
0.0546875,-0.0390625,0.77734375
0.0546875,-0.0390625,0.77734375
0.0546875,-0.0390625,0.77734375
0.0546875,-0.0390625,0.77734375
0.0546875,-0.0390625,0.77734375
0.0546875,-0.0390625,0.77734375
0.0546875,-0.0390625,0.77734375
0.0546875,-0.0390625,0.77734375
0.0546875,-0.0390625,0.77734375
0.0546875,-0.0390625,0.77734375
0.05859375,-0.0390625,0.78125
0.05859375,-0.0390625,0.78125
0.05859375,-0.0390625,0.78125
0.05859375,-0.0390625,0.78125
0.05859375,-0.0390625,0.78125
0.05859375,-0.0390625,0.78125
0.0546875,-0.046875,0.78125
0.0546875,-0.046875,0.78125
0.0546875,-0.046875,0.78125
0.0546875,-0.046875,0.78125
0.0546875,-0.046875,0.78125
0.0546875,-0.046875,0.78125
0.0546875,-0.046875,0.78125
0.0546875,-0.046875,0.78125
0.0546875,-0.046875,0.78125
0.0546875,-0.046875,0.78125
0.0546875,-0.046875,0.78125
0.0546875,-0.046875,0.78125
0.0546875,-0.046875,0.78125
0.0546875,-0.046875,0.78125
0.0546875,-0.046875,0.78125
0.0546875,-0.046875,0.78125
0.0625,-0.04296875,0.78125
0.0625,-0.05078125,0.7890625
0.0625,-0.05078125,0.7890625
0.0625,-0.05078125,0.7890625
0.0625,-0.05078125,0.7890625
0.0625,-0.05078125,0.7890625
0.0625,-0.05078125,0.7890625
0.0625,-0.05078125,0.7890625
0.0625,-0.05078125,0.7890625
0.0625,-0.05078125,0.7890625
0.0625,-0.05078125,0.7890625
0.0625,-0.05078125,0.7890625
0.0625,-0.05078125,0.7890625
0.0625,-0.05078125,0.7890625
0.0625,-0.05078125,0.7890625
0.0625,-0.05078125,0.7890625
0.05859375,-0.0546875,0.8046875
0.05859375,-0.0546875,0.8046875
0.05859375,-0.0546875,0.8046875
0.05859375,-0.0546875,0.8046875
0.05859375,-0.0546875,0.8046875
0.05859375,-0.0546875,0.8046875
0.05859375,-0.0546875,0.8046875
0.05859375,-0.0546875,0.8046875
0.05859375,-0.0546875,0.8046875
0.05859375,-0.0546875,0.8046875
0.0546875,-0.046875,0.8125
0.0546875,-0.046875,0.8125
0.0546875,-0.046875,0.8125
0.0546875,-0.046875,0.8125
0.0546875,-0.046875,0.8125
0.0546875,-0.046875,0.8125
0.0625,-0.05859375,0.8203125
0.0625,-0.05859375,0.8203125
0.0625,-0.05859375,0.8203125
0.0625,-0.05859375,0.8203125
0.0625,-0.05859375,0.8203125
0.0625,-0.05859375,0.8203125
0.0625,-0.05859375,0.8203125
0.0625,-0.05859375,0.8203125
0.0625,-0.05859375,0.8203125
0.0625,-0.05859375,0.8203125
0.0625,-0.05859375,0.8203125
0.0625,-0.05859375,0.8203125
0.0625,-0.05859375,0.8203125
0.0625,-0.05859375,0.8203125
0.0625,-0.05859375,0.8203125
0.0625,-0.05859375,0.8203125
0.0625,-0.05078125,0.8203125
0.0625,-0.05078125,0.8203125
0.05859375,-0.05078125,0.8203125
0.05859375,-0.05078125,0.8203125
0.05859375,-0.05078125,0.8203125
0.05859375,-0.05078125,0.8203125
0.05859375,-0.05078125,0.8203125
0.05859375,-0.05078125,0.8203125
0.05859375,-0.05078125,0.8203125
0.05859375,-0.05078125,0.8203125
0.05859375,-0.05078125,0.8203125
0.05859375,-0.05078125,0.8203125
0.05859375,-0.05078125,0.8203125
0.05859375,-0.05078125,0.8203125
0.05859375,-0.05078125,0.8203125
0.05859375,-0.05078125,0.8203125
0.05859375,-0.0546875,0.81640625
0.05859375,-0.0546875,0.81640625
0.05859375,-0.0546875,0.81640625
0.05859375,-0.0546875,0.81640625
0.05859375,-0.0546875,0.81640625
0.05859375,-0.0546875,0.81640625
0.05859375,-0.0546875,0.81640625
0.05859375,-0.0546875,0.81640625
0.05859375,-0.0546875,0.81640625
0.05859375,-0.0546875,0.81640625
0.05859375,-0.046875,0.8203125
0.05859375,-0.046875,0.8203125
0.05859375,-0.046875,0.8203125
0.05859375,-0.046875,0.8203125
0.05859375,-0.046875,0.8203125
0.05859375,-0.046875,0.8203125
0.05859375,-0.05078125,0.8125
0.05859375,-0.05078125,0.8125
0.05859375,-0.05078125,0.8125
0.05859375,-0.05078125,0.8125
0.05859375,-0.05078125,0.8125
0.05859375,-0.05078125,0.8125
0.05859375,-0.05078125,0.8125
0.05859375,-0.05078125,0.8125
0.05859375,-0.05078125,0.8125
0.05859375,-0.05078125,0.8125
0.05859375,-0.05078125,0.8125
0.05859375,-0.05078125,0.8125
0.05859375,-0.05078125,0.8125
0.05859375,-0.05078125,0.8125
0.05859375,-0.05078125,0.8125
0.05859375,-0.05078125,0.8125
0.0546875,-0.05078125,0.81640625
0.0546875,-0.05078125,0.81640625
0.05078125,-0.046875,0.8125
0.05078125,-0.046875,0.8125
0.05078125,-0.046875,0.8125
0.05078125,-0.046875,0.8125
0.05078125,-0.046875,0.8125
0.05078125,-0.046875,0.8125
0.05078125,-0.046875,0.8125
0.05078125,-0.046875,0.8125
0.05078125,-0.046875,0.8125
0.05078125,-0.046875,0.8125
0.05078125,-0.046875,0.8125
0.05078125,-0.046875,0.8125
0.05078125,-0.046875,0.8125
0.05078125,-0.046875,0.8125
0.0546875,-0.046875,0.80078125
0.0546875,-0.046875,0.80078125
0.0546875,-0.046875,0.80078125
0.0546875,-0.046875,0.80078125
0.0546875,-0.046875,0.80078125
0.0546875,-0.046875,0.80078125
0.0546875,-0.046875,0.80078125
0.0546875,-0.046875,0.80078125
0.0546875,-0.046875,0.80078125
0.0546875,-0.046875,0.80078125
0.0546875,-0.046875,0.80078125
0.05859375,-0.05078125,0.78515625
0.05859375,-0.05078125,0.78515625
0.05859375,-0.05078125,0.78515625
0.05859375,-0.05078125,0.78515625
0.05859375,-0.05078125,0.78515625
0.0625,-0.046875,0.796875
0.0625,-0.046875,0.796875
0.0625,-0.046875,0.796875
0.0625,-0.046875,0.796875
0.0625,-0.046875,0.796875
0.0625,-0.046875,0.796875
0.0625,-0.046875,0.796875
0.0625,-0.046875,0.796875
0.0625,-0.046875,0.796875
0.0625,-0.046875,0.796875
0.0625,-0.046875,0.796875
0.0625,-0.046875,0.796875
0.0625,-0.046875,0.796875
0.0625,-0.046875,0.796875
0.0625,-0.046875,0.796875
0.0625,-0.046875,0.796875
0.0546875,-0.04296875,0.77734375
0.0546875,-0.04296875,0.77734375
0.0546875,-0.04296875,0.77734375
0.0546875,-0.05078125,0.7890625
0.0546875,-0.05078125,0.7890625
0.0546875,-0.05078125,0.7890625
0.0546875,-0.05078125,0.7890625
0.0546875,-0.05078125,0.7890625
0.0546875,-0.05078125,0.7890625
0.0546875,-0.05078125,0.7890625
0.0546875,-0.05078125,0.7890625
0.0546875,-0.05078125,0.7890625
0.0546875,-0.05078125,0.7890625
0.0546875,-0.05078125,0.7890625
0.0546875,-0.05078125,0.7890625
0.0546875,-0.05078125,0.7890625
0.0625,-0.05078125,0.77734375
0.0625,-0.05078125,0.77734375
0.0625,-0.05078125,0.77734375
0.0625,-0.05078125,0.77734375
0.0625,-0.05078125,0.77734375
0.0625,-0.05078125,0.77734375
0.0625,-0.05078125,0.77734375
0.0625,-0.05078125,0.77734375
0.0625,-0.05078125,0.77734375
0.0625,-0.05078125,0.77734375
0.0625,-0.05078125,0.77734375
0.0546875,-0.03125,0.77734375
0.0546875,-0.03125,0.77734375
0.0546875,-0.03125,0.77734375
0.0546875,-0.03125,0.77734375
0.0546875,-0.03125,0.77734375
0.05859375,-0.04296875,0.7734375
0.05859375,-0.04296875,0.7734375
0.05859375,-0.04296875,0.7734375
0.05859375,-0.04296875,0.7734375
0.05859375,-0.04296875,0.7734375
0.05859375,-0.04296875,0.7734375
0.05859375,-0.04296875,0.7734375
0.05859375,-0.04296875,0.7734375
0.05859375,-0.04296875,0.7734375
0.05859375,-0.04296875,0.7734375
0.05859375,-0.04296875,0.7734375
0.05859375,-0.04296875,0.7734375
0.05859375,-0.04296875,0.7734375
0.05859375,-0.04296875,0.7734375
0.05859375,-0.04296875,0.7734375
0.05859375,-0.04296875,0.7734375
0.0546875,-0.0390625,0.78125
0.0546875,-0.0390625,0.78125
0.0546875,-0.0390625,0.78125
0.05859375,-0.04296875,0.76953125
0.05859375,-0.04296875,0.76953125
0.05859375,-0.04296875,0.76953125
0.05859375,-0.04296875,0.76953125
0.05859375,-0.04296875,0.76953125
0.05859375,-0.04296875,0.76953125
0.05859375,-0.04296875,0.76953125
0.05859375,-0.04296875,0.76953125
0.05859375,-0.04296875,0.76953125
0.05859375,-0.04296875,0.76953125
0.05859375,-0.04296875,0.76953125
0.05859375,-0.04296875,0.76953125
0.05859375,-0.04296875,0.76953125
0.0625,-0.04296875,0.77734375
0.0625,-0.04296875,0.77734375
0.0625,-0.04296875,0.77734375
0.0625,-0.04296875,0.77734375
0.0625,-0.04296875,0.77734375
0.0625,-0.04296875,0.77734375
0.0625,-0.04296875,0.77734375
0.0625,-0.04296875,0.77734375
0.0625,-0.04296875,0.77734375
0.0625,-0.04296875,0.77734375
0.0625,-0.04296875,0.77734375
0.0625,-0.04296875,0.77734375
0.05859375,-0.0390625,0.78125
0.05859375,-0.0390625,0.78125
0.05859375,-0.0390625,0.78125
0.05859375,-0.0390625,0.78125
0.0625,-0.04296875,0.77734375
0.0625,-0.04296875,0.77734375
0.0625,-0.04296875,0.77734375
0.0625,-0.04296875,0.77734375
0.0625,-0.04296875,0.77734375
0.0625,-0.04296875,0.77734375
0.0625,-0.04296875,0.77734375
0.0625,-0.04296875,0.77734375
0.0625,-0.04296875,0.77734375
0.0625,-0.04296875,0.77734375
0.0625,-0.04296875,0.77734375
0.0625,-0.04296875,0.77734375
0.0625,-0.04296875,0.77734375
0.0625,-0.04296875,0.77734375
0.0625,-0.04296875,0.77734375
0.0625,-0.04296875,0.77734375
0.0546875,-0.0390625,0.78125
0.0546875,-0.0390625,0.78125
0.0546875,-0.0390625,0.78125
0.05859375,-0.0546875,0.78515625
0.05859375,-0.0546875,0.78515625
0.05859375,-0.0546875,0.78515625
0.05859375,-0.0546875,0.78515625
0.05859375,-0.0546875,0.78515625
0.05859375,-0.0546875,0.78515625
0.05859375,-0.0546875,0.78515625
0.05859375,-0.0546875,0.78515625
0.05859375,-0.0546875,0.78515625
0.05859375,-0.0546875,0.78515625
0.05859375,-0.0546875,0.78515625
0.05859375,-0.0546875,0.78515625
0.05859375,-0.0546875,0.78515625
0.05859375,-0.05078125,0.7890625
0.05859375,-0.05078125,0.7890625
0.05859375,-0.05078125,0.7890625
0.05859375,-0.05078125,0.7890625
0.05859375,-0.05078125,0.7890625
0.05859375,-0.05078125,0.7890625
0.05859375,-0.05078125,0.7890625
0.05859375,-0.05078125,0.7890625
0.05859375,-0.05078125,0.7890625
0.05859375,-0.05078125,0.7890625
0.05859375,-0.05078125,0.7890625
0.05859375,-0.05078125,0.7890625
0.0625,-0.046875,0.7890625
0.0625,-0.046875,0.7890625
0.0625,-0.046875,0.7890625
0.0625,-0.046875,0.7890625
0.0546875,-0.05078125,0.8046875
0.0546875,-0.05078125,0.8046875
0.0546875,-0.05078125,0.8046875
0.0546875,-0.05078125,0.8046875
0.0546875,-0.05078125,0.8046875
0.0546875,-0.05078125,0.8046875
0.0546875,-0.05078125,0.8046875
0.0546875,-0.05078125,0.8046875
0.0546875,-0.05078125,0.8046875
0.0546875,-0.05078125,0.8046875
0.0546875,-0.05078125,0.8046875
0.0546875,-0.05078125,0.8046875
0.0546875,-0.05078125,0.8046875
0.0546875,-0.05078125,0.8046875
0.0546875,-0.05078125,0.8046875
0.0546875,-0.05078125,0.8046875
0.05859375,-0.05859375,0.80859375
0.05859375,-0.05859375,0.80859375
0.05859375,-0.05859375,0.80859375
0.05859375,-0.05859375,0.80859375
0.06640625,-0.0546875,0.80859375
0.06640625,-0.0546875,0.80859375
0.06640625,-0.0546875,0.80859375
0.06640625,-0.0546875,0.80859375
0.06640625,-0.0546875,0.80859375
0.06640625,-0.0546875,0.80859375
0.06640625,-0.0546875,0.80859375
0.06640625,-0.0546875,0.80859375
0.06640625,-0.0546875,0.80859375
0.06640625,-0.0546875,0.80859375
0.06640625,-0.0546875,0.80859375
0.06640625,-0.0546875,0.80859375
0.06640625,-0.0546875,0.8203125
0.06640625,-0.0546875,0.8203125
0.06640625,-0.0546875,0.8203125
0.06640625,-0.0546875,0.8203125
0.06640625,-0.0546875,0.8203125
0.06640625,-0.0546875,0.8203125
0.06640625,-0.0546875,0.8203125
0.06640625,-0.0546875,0.8203125
0.06640625,-0.0546875,0.8203125
0.06640625,-0.0546875,0.8203125
0.06640625,-0.0546875,0.8203125
0.06640625,-0.0546875,0.8203125
0.05859375,-0.05078125,0.82421875
0.05859375,-0.05078125,0.82421875
0.05859375,-0.05078125,0.82421875
0.05859375,-0.05078125,0.82421875
0.05859375,-0.0546875,0.80859375
0.05859375,-0.0546875,0.80859375
0.05859375,-0.0546875,0.80859375
0.05859375,-0.0546875,0.80859375
0.05859375,-0.0546875,0.80859375
0.05859375,-0.0546875,0.80859375
0.05859375,-0.0546875,0.80859375
0.05859375,-0.0546875,0.80859375
0.05859375,-0.0546875,0.80859375
0.05859375,-0.0546875,0.80859375
0.05859375,-0.0546875,0.80859375
0.05859375,-0.0546875,0.80859375
0.05859375,-0.0546875,0.80859375
0.05859375,-0.0546875,0.80859375
0.05859375,-0.0546875,0.80859375
0.05859375,-0.0546875,0.80859375
0.0625,-0.0546875,0.828125
0.0625,-0.0546875,0.828125
0.0625,-0.0546875,0.828125
0.0625,-0.0546875,0.828125
0.0546875,-0.046875,0.81640625
0.0546875,-0.046875,0.81640625
0.0546875,-0.046875,0.81640625
0.0546875,-0.046875,0.81640625
0.0546875,-0.046875,0.81640625
0.0546875,-0.046875,0.81640625
0.0546875,-0.046875,0.81640625
0.0546875,-0.046875,0.81640625
0.0546875,-0.046875,0.81640625
0.0546875,-0.046875,0.81640625
0.0546875,-0.046875,0.81640625
0.0546875,-0.046875,0.81640625
0.0546875,-0.05078125,0.8125
0.0546875,-0.05078125,0.8125
0.0546875,-0.05078125,0.8125
0.0546875,-0.05078125,0.8125
0.0546875,-0.05078125,0.8125
0.0546875,-0.05078125,0.8125
0.0546875,-0.05078125,0.8125
0.0546875,-0.05078125,0.8125
0.0546875,-0.05078125,0.8125
0.0546875,-0.05078125,0.8125
0.0546875,-0.05078125,0.8125
0.0546875,-0.05078125,0.8125
0.0546875,-0.05078125,0.8125
0.0625,-0.046875,0.8046875
0.0625,-0.046875,0.8046875
0.0625,-0.046875,0.8046875
0.05859375,-0.05078125,0.796875
0.05859375,-0.05078125,0.796875
0.05859375,-0.05078125,0.796875
0.05859375,-0.05078125,0.796875
0.05859375,-0.05078125,0.796875
0.05859375,-0.05078125,0.796875
0.05859375,-0.05078125,0.796875
0.05859375,-0.05078125,0.796875
0.05859375,-0.05078125,0.796875
0.05859375,-0.05078125,0.796875
0.05859375,-0.05078125,0.796875
0.05859375,-0.05078125,0.796875
0.05859375,-0.05078125,0.796875
0.05859375,-0.05078125,0.796875
0.05859375,-0.05078125,0.796875
0.05859375,-0.05078125,0.796875
0.05078125,-0.04296875,0.80078125
0.05078125,-0.04296875,0.80078125
0.05078125,-0.04296875,0.80078125
0.05078125,-0.04296875,0.80078125
0.05078125,-0.04296875,0.80078125
0.05859375,-0.03515625,0.7734375
0.05859375,-0.03515625,0.7734375
0.05859375,-0.03515625,0.7734375
0.05859375,-0.03515625,0.7734375
0.05859375,-0.03515625,0.7734375
0.05859375,-0.03515625,0.7734375
0.05859375,-0.03515625,0.7734375
0.05859375,-0.03515625,0.7734375
0.05859375,-0.03515625,0.7734375
0.05859375,-0.03515625,0.7734375
0.05859375,-0.03515625,0.7734375
0.05859375,-0.04296875,0.78515625
0.05859375,-0.04296875,0.78515625
0.05859375,-0.04296875,0.78515625
0.05859375,-0.04296875,0.78515625
0.05859375,-0.04296875,0.78515625
0.05859375,-0.04296875,0.78515625
0.05859375,-0.04296875,0.78515625
0.05859375,-0.04296875,0.78515625
0.05859375,-0.04296875,0.78515625
0.05859375,-0.04296875,0.78515625
0.05859375,-0.04296875,0.78515625
0.05859375,-0.04296875,0.78515625
0.05859375,-0.04296875,0.78515625
0.05859375,-0.04296875,0.78515625
0.05859375,-0.04296875,0.78515625
0.05859375,-0.04296875,0.78515625
0.05078125,-0.046875,0.77734375
0.05078125,-0.046875,0.77734375
0.05078125,-0.046875,0.77734375
0.05078125,-0.046875,0.77734375
0.05078125,-0.046875,0.77734375
0.05078125,-0.046875,0.77734375
0.05078125,-0.046875,0.77734375
0.05078125,-0.046875,0.77734375
0.05078125,-0.046875,0.77734375
0.05078125,-0.046875,0.77734375
0.05078125,-0.046875,0.77734375
0.05078125,-0.046875,0.77734375
0.05078125,-0.046875,0.77734375
0.05078125,-0.046875,0.77734375
0.05078125,-0.046875,0.77734375
0.05078125,-0.046875,0.77734375
0.0546875,-0.03515625,0.78515625
0.0546875,-0.03515625,0.78515625
0.0546875,-0.03515625,0.78515625
0.0546875,-0.03515625,0.78515625
0.0546875,-0.03515625,0.78515625
0.05859375,-0.046875,0.78125
0.05859375,-0.046875,0.78125
0.05859375,-0.046875,0.78125
0.05859375,-0.046875,0.78125
0.05859375,-0.046875,0.78125
0.05859375,-0.046875,0.78125
0.05859375,-0.046875,0.78125
0.05859375,-0.046875,0.78125
0.05859375,-0.046875,0.78125
0.05859375,-0.046875,0.78125
0.05859375,-0.046875,0.78125
0.0546875,-0.04296875,0.7734375
0.0546875,-0.04296875,0.7734375
0.0546875,-0.04296875,0.7734375
0.0546875,-0.04296875,0.7734375
0.0546875,-0.04296875,0.7734375
0.0546875,-0.04296875,0.7734375
0.0546875,-0.04296875,0.7734375
0.0546875,-0.04296875,0.7734375
0.0546875,-0.04296875,0.7734375
0.0546875,-0.04296875,0.7734375
0.0546875,-0.04296875,0.7734375
0.0546875,-0.04296875,0.7734375
0.0546875,-0.04296875,0.7734375
0.0546875,-0.04296875,0.7734375
0.05859375,-0.03515625,0.7734375
0.05859375,-0.03515625,0.7734375
0.05859375,-0.03515625,0.76953125
0.05859375,-0.03515625,0.76953125
0.05859375,-0.03515625,0.76953125
0.05859375,-0.03515625,0.76953125
0.05859375,-0.03515625,0.76953125
0.05859375,-0.03515625,0.76953125
0.05859375,-0.03515625,0.76953125
0.05859375,-0.03515625,0.76953125
0.05859375,-0.03515625,0.76953125
0.05859375,-0.03515625,0.76953125
0.05859375,-0.03515625,0.76953125
0.05859375,-0.03515625,0.76953125
0.05859375,-0.03515625,0.76953125
0.05859375,-0.03515625,0.76953125
0.05859375,-0.03515625,0.76953125
0.05859375,-0.03515625,0.76953125
0.0625,-0.03515625,0.7734375
0.0625,-0.03515625,0.7734375
0.0625,-0.03515625,0.7734375
0.0625,-0.03515625,0.7734375
0.0625,-0.03515625,0.7734375
0.05859375,-0.0390625,0.78125
0.05859375,-0.0390625,0.78125
0.05859375,-0.0390625,0.78125
0.05859375,-0.0390625,0.78125
0.05859375,-0.0390625,0.78125
0.05859375,-0.0390625,0.78125
0.05859375,-0.0390625,0.78125
0.05859375,-0.0390625,0.78125
0.05859375,-0.0390625,0.78125
0.05859375,-0.0390625,0.78125
0.05859375,-0.0390625,0.78125
0.06640625,-0.046875,0.78125
0.06640625,-0.046875,0.78125
0.06640625,-0.046875,0.78125
0.06640625,-0.046875,0.78125
0.06640625,-0.046875,0.78125
0.06640625,-0.046875,0.78125
0.06640625,-0.046875,0.78125
0.06640625,-0.046875,0.78125
0.06640625,-0.046875,0.78125
0.06640625,-0.046875,0.78125
0.06640625,-0.046875,0.78125
0.06640625,-0.046875,0.78125
0.06640625,-0.046875,0.78125
0.06640625,-0.046875,0.78125
0.05859375,-0.04296875,0.78125
0.05859375,-0.04296875,0.78125
0.05859375,-0.04296875,0.79296875
0.05859375,-0.04296875,0.79296875
0.05859375,-0.04296875,0.79296875
0.05859375,-0.04296875,0.79296875
0.05859375,-0.04296875,0.79296875
0.05859375,-0.04296875,0.79296875
0.05859375,-0.04296875,0.79296875
0.05859375,-0.04296875,0.79296875
0.05859375,-0.04296875,0.79296875
0.05859375,-0.04296875,0.79296875
0.05859375,-0.04296875,0.79296875
0.05859375,-0.04296875,0.79296875
0.05859375,-0.04296875,0.79296875
0.05859375,-0.04296875,0.79296875
0.05859375,-0.04296875,0.79296875
0.05859375,-0.04296875,0.79296875
0.05859375,-0.05078125,0.80078125
0.05859375,-0.05078125,0.80078125
0.05859375,-0.05078125,0.80078125
0.05859375,-0.0546875,0.82421875
0.05859375,-0.0546875,0.82421875
0.05859375,-0.0546875,0.82421875
0.05859375,-0.0546875,0.82421875
0.05859375,-0.0546875,0.82421875
0.05859375,-0.0546875,0.82421875
0.05859375,-0.0546875,0.82421875
0.05859375,-0.0546875,0.82421875
0.05859375,-0.0546875,0.82421875
0.05859375,-0.0546875,0.82421875
0.05859375,-0.0546875,0.82421875
0.05859375,-0.0546875,0.82421875
0.05859375,-0.0546875,0.82421875
0.05859375,-0.046875,0.8046875
0.05859375,-0.046875,0.8046875
0.05859375,-0.046875,0.8046875
0.05859375,-0.046875,0.8046875
0.05859375,-0.046875,0.8046875
0.05859375,-0.046875,0.8046875
0.05859375,-0.046875,0.8046875
0.05859375,-0.046875,0.8046875
0.05859375,-0.046875,0.8046875
0.05859375,-0.046875,0.8046875
0.05859375,-0.046875,0.8046875
0.05859375,-0.046875,0.8046875
0.05859375,-0.046875,0.8046875
0.05859375,-0.046875,0.8046875
0.06640625,-0.0546875,0.8125
0.06640625,-0.0546875,0.8125
0.0625,-0.0546875,0.82421875
0.0625,-0.0546875,0.82421875
0.0625,-0.0546875,0.82421875
0.0625,-0.0546875,0.82421875
0.0625,-0.0546875,0.82421875
0.0625,-0.0546875,0.82421875
0.0625,-0.0546875,0.82421875
0.0625,-0.0546875,0.82421875
0.0625,-0.0546875,0.82421875
0.0625,-0.0546875,0.82421875
0.0625,-0.0546875,0.82421875
0.0625,-0.0546875,0.82421875
0.0625,-0.0546875,0.82421875
0.0625,-0.0546875,0.82421875
0.0625,-0.0546875,0.82421875
0.0625,-0.0546875,0.82421875
0.0625,-0.05078125,0.828125
0.0625,-0.05078125,0.828125
0.0625,-0.05078125,0.828125
0.0625,-0.05078125,0.828125
0.0625,-0.05078125,0.828125
0.0625,-0.05078125,0.828125
0.06640625,-0.0546875,0.81640625
0.06640625,-0.0546875,0.81640625
0.06640625,-0.0546875,0.81640625
0.06640625,-0.0546875,0.81640625
0.06640625,-0.0546875,0.81640625
0.06640625,-0.0546875,0.81640625
0.06640625,-0.0546875,0.81640625
0.06640625,-0.0546875,0.81640625
0.06640625,-0.0546875,0.81640625
0.06640625,-0.0546875,0.81640625
0.0625,-0.0546875,0.82421875
0.0625,-0.0546875,0.82421875
0.0625,-0.0546875,0.82421875
0.0625,-0.0546875,0.82421875
0.0625,-0.0546875,0.82421875
0.0625,-0.0546875,0.82421875
0.0625,-0.0546875,0.82421875
0.0625,-0.0546875,0.82421875
0.0625,-0.0546875,0.82421875
0.0625,-0.0546875,0.82421875
0.0625,-0.0546875,0.82421875
0.0625,-0.0546875,0.82421875
0.0625,-0.0546875,0.82421875
0.0625,-0.0546875,0.82421875
0.0625,-0.0546875,0.82421875
0.06640625,-0.046875,0.80859375
0.05859375,-0.05078125,0.8125
0.05859375,-0.05078125,0.8125
0.05859375,-0.05078125,0.8125
0.05859375,-0.05078125,0.8125
0.05859375,-0.05078125,0.8125
0.05859375,-0.05078125,0.8125
0.05859375,-0.05078125,0.8125
0.05859375,-0.05078125,0.8125
0.05859375,-0.05078125,0.8125
0.05859375,-0.05078125,0.8125
0.05859375,-0.05078125,0.8125
0.05859375,-0.05078125,0.8125
0.05859375,-0.05078125,0.8125
0.05859375,-0.05078125,0.8125
0.05859375,-0.05078125,0.8125
0.05859375,-0.05078125,0.8125
0.0625,-0.05078125,0.80078125
0.0625,-0.05078125,0.80078125
0.0625,-0.05078125,0.80078125
0.0625,-0.05078125,0.80078125
0.0625,-0.05078125,0.80078125
0.0625,-0.05078125,0.80078125
0.05859375,-0.05078125,0.80078125
0.05859375,-0.05078125,0.80078125
0.05859375,-0.05078125,0.80078125
0.05859375,-0.05078125,0.80078125
0.05859375,-0.05078125,0.80078125
0.05859375,-0.05078125,0.80078125
0.05859375,-0.05078125,0.80078125
0.05859375,-0.05078125,0.80078125
0.05859375,-0.05078125,0.80078125
0.05859375,-0.05078125,0.80078125
0.0546875,-0.04296875,0.77734375
0.0546875,-0.04296875,0.77734375
0.0546875,-0.04296875,0.77734375
0.0546875,-0.04296875,0.77734375
0.0546875,-0.04296875,0.77734375
0.0546875,-0.04296875,0.77734375
0.0546875,-0.04296875,0.77734375
0.0546875,-0.04296875,0.77734375
0.0546875,-0.04296875,0.77734375
0.0546875,-0.04296875,0.77734375
0.0546875,-0.04296875,0.77734375
0.0546875,-0.04296875,0.77734375
0.0546875,-0.04296875,0.77734375
0.0546875,-0.04296875,0.77734375
0.05859375,-0.04296875,0.77734375
0.05859375,-0.04296875,0.77734375
0.0546875,-0.04296875,0.7734375
0.0546875,-0.04296875,0.7734375
0.0546875,-0.04296875,0.7734375
0.0546875,-0.04296875,0.7734375
0.0546875,-0.04296875,0.7734375
0.0546875,-0.04296875,0.7734375
0.0546875,-0.04296875,0.7734375
0.0546875,-0.04296875,0.7734375
0.0546875,-0.04296875,0.7734375
0.0546875,-0.04296875,0.7734375
0.0546875,-0.04296875,0.7734375
0.0546875,-0.04296875,0.7734375
0.0546875,-0.04296875,0.7734375
0.0546875,-0.04296875,0.7734375
0.0546875,-0.04296875,0.7734375
0.0546875,-0.04296875,0.7734375
0.05859375,-0.05078125,0.77734375
0.05859375,-0.05078125,0.77734375
0.05859375,-0.05078125,0.77734375
0.05859375,-0.05078125,0.77734375
0.05859375,-0.05078125,0.77734375
0.05859375,-0.05078125,0.77734375
0.05859375,-0.05078125,0.77734375
0.05859375,-0.04296875,0.77734375
0.05859375,-0.04296875,0.77734375
0.05859375,-0.04296875,0.77734375
0.05859375,-0.04296875,0.77734375
0.05859375,-0.04296875,0.77734375
0.05859375,-0.04296875,0.77734375
0.05859375,-0.04296875,0.77734375
0.05859375,-0.04296875,0.77734375
0.05859375,-0.04296875,0.77734375
0.05859375,-0.046875,0.77734375
0.05859375,-0.046875,0.77734375
0.05859375,-0.046875,0.77734375
0.05859375,-0.046875,0.77734375
0.05859375,-0.046875,0.77734375
0.05859375,-0.046875,0.77734375
0.05859375,-0.046875,0.77734375
0.05859375,-0.046875,0.77734375
0.05859375,-0.046875,0.77734375
0.05859375,-0.046875,0.77734375
0.05859375,-0.046875,0.77734375
0.05859375,-0.046875,0.77734375
0.05859375,-0.046875,0.77734375
0.05859375,-0.046875,0.77734375
0.05859375,-0.046875,0.77734375
0.05859375,-0.046875,0.79296875
0.05859375,-0.04296875,0.76953125
0.05859375,-0.04296875,0.76953125
0.05859375,-0.04296875,0.76953125
0.05859375,-0.04296875,0.76953125
0.05859375,-0.04296875,0.76953125
0.05859375,-0.04296875,0.76953125
0.05859375,-0.04296875,0.76953125
0.05859375,-0.04296875,0.76953125
0.05859375,-0.04296875,0.76953125
0.05859375,-0.04296875,0.76953125
0.05859375,-0.04296875,0.76953125
0.05859375,-0.04296875,0.76953125
0.05859375,-0.04296875,0.76953125
0.05859375,-0.04296875,0.76953125
0.05859375,-0.04296875,0.76953125
0.05859375,-0.04296875,0.76953125
0.0546875,-0.04296875,0.7734375
0.0546875,-0.04296875,0.7734375
0.0546875,-0.04296875,0.7734375
0.0546875,-0.04296875,0.7734375
0.0546875,-0.04296875,0.7734375
0.0546875,-0.04296875,0.7734375
0.0546875,-0.04296875,0.7734375
0.0625,-0.03515625,0.7734375
0.0625,-0.03515625,0.7734375
0.0625,-0.03515625,0.7734375
0.0625,-0.03515625,0.7734375
0.0625,-0.03515625,0.7734375
0.0625,-0.03515625,0.7734375
0.0625,-0.03515625,0.7734375
0.0625,-0.03515625,0.7734375
0.0625,-0.03515625,0.7734375
0.0546875,-0.03125,0.7734375
0.0546875,-0.03125,0.7734375
0.0546875,-0.03125,0.7734375
0.0546875,-0.03125,0.7734375
0.0546875,-0.03125,0.7734375
0.0546875,-0.03125,0.7734375
0.0546875,-0.03125,0.7734375
0.0546875,-0.03125,0.7734375
0.0546875,-0.03125,0.7734375
0.0546875,-0.03125,0.7734375
0.0546875,-0.03125,0.7734375
0.0546875,-0.03125,0.7734375
0.0546875,-0.03125,0.7734375
0.0546875,-0.03125,0.7734375
0.0546875,-0.03125,0.7734375
0.0546875,-0.03125,0.7734375
0.0546875,-0.046875,0.78125
0.0546875,-0.046875,0.78125
0.0546875,-0.046875,0.78125
0.0546875,-0.046875,0.78125
0.0546875,-0.046875,0.78125
0.0546875,-0.046875,0.78125
0.0546875,-0.046875,0.78125
0.0546875,-0.046875,0.78125
0.0546875,-0.046875,0.78125
0.0546875,-0.046875,0.78125
0.0546875,-0.046875,0.78125
0.0546875,-0.046875,0.78125
0.0546875,-0.046875,0.78125
0.0546875,-0.046875,0.78125
0.0546875,-0.046875,0.78125
0.0546875,-0.046875,0.78125
0.05859375,-0.05078125,0.7890625
0.05859375,-0.05078125,0.7890625
0.05859375,-0.05078125,0.7890625
0.05859375,-0.05078125,0.7890625
0.05859375,-0.05078125,0.7890625
0.05859375,-0.05078125,0.7890625
0.05859375,-0.05078125,0.7890625
0.0546875,-0.046875,0.80078125
0.0546875,-0.046875,0.80078125
0.0546875,-0.046875,0.80078125
0.0546875,-0.046875,0.80078125
0.0546875,-0.046875,0.80078125
0.0546875,-0.046875,0.80078125
0.0546875,-0.046875,0.80078125
0.0546875,-0.046875,0.80078125
0.0546875,-0.046875,0.80078125
0.0546875,-0.05078125,0.796875
0.0546875,-0.05078125,0.796875
0.0546875,-0.05078125,0.796875
0.0546875,-0.05078125,0.796875
0.0546875,-0.05078125,0.796875
0.0546875,-0.05078125,0.796875
0.0546875,-0.05078125,0.796875
0.0546875,-0.05078125,0.796875
0.0546875,-0.05078125,0.796875
0.0546875,-0.05078125,0.796875
0.0546875,-0.05078125,0.796875
0.0546875,-0.05078125,0.796875
0.0546875,-0.05078125,0.796875
0.0546875,-0.05078125,0.796875
0.0546875,-0.05078125,0.796875
0.0546875,-0.05078125,0.796875
0.05859375,-0.0546875,0.8125
0.05859375,-0.0546875,0.8125
0.05859375,-0.0546875,0.8125
0.05859375,-0.0546875,0.8125
0.05859375,-0.0546875,0.8125
0.05859375,-0.0546875,0.8125
0.05859375,-0.0546875,0.8125
0.05859375,-0.0546875,0.8125
0.05859375,-0.0546875,0.8125
0.05859375,-0.0546875,0.8125
0.05859375,-0.0546875,0.8125
0.05859375,-0.0546875,0.8125
0.05859375,-0.0546875,0.8125
0.05859375,-0.0546875,0.8125
0.05859375,-0.0546875,0.8125
0.05859375,-0.0546875,0.8125
0.05859375,-0.0625,0.81640625
0.05859375,-0.0625,0.81640625
0.05859375,-0.0625,0.81640625
0.05859375,-0.0625,0.81640625
0.05859375,-0.0625,0.81640625
0.05859375,-0.0625,0.81640625
0.05859375,-0.0625,0.81640625
0.05859375,-0.0625,0.81640625
0.05859375,-0.046875,0.8125
0.05859375,-0.046875,0.8125
0.05859375,-0.046875,0.8125
0.05859375,-0.046875,0.8125
0.05859375,-0.046875,0.8125
0.05859375,-0.046875,0.8125
0.05859375,-0.046875,0.8125
0.05859375,-0.046875,0.8125
0.05859375,-0.0546875,0.81640625
0.05859375,-0.0546875,0.81640625
0.05859375,-0.0546875,0.81640625
0.05859375,-0.0546875,0.81640625
0.05859375,-0.0546875,0.81640625
0.05859375,-0.0546875,0.81640625
0.05859375,-0.0546875,0.81640625
0.05859375,-0.0546875,0.81640625
0.05859375,-0.0546875,0.81640625
0.05859375,-0.0546875,0.81640625
0.05859375,-0.0546875,0.81640625
0.05859375,-0.0546875,0.81640625
0.05859375,-0.0546875,0.81640625
0.05859375,-0.0546875,0.81640625
0.05859375,-0.0546875,0.81640625
0.05859375,-0.0546875,0.81640625
0.05859375,-0.0546875,0.80859375
0.05859375,-0.0546875,0.80859375
0.05859375,-0.0546875,0.80859375
0.05859375,-0.0546875,0.80859375
0.05859375,-0.0546875,0.80859375
0.05859375,-0.0546875,0.80859375
0.05859375,-0.0546875,0.80859375
0.05859375,-0.0546875,0.80859375
0.05859375,-0.0546875,0.80859375
0.05859375,-0.0546875,0.80859375
0.05859375,-0.0546875,0.80859375
0.05859375,-0.0546875,0.80859375
0.05859375,-0.0546875,0.80859375
0.05859375,-0.0546875,0.80859375
0.05859375,-0.0546875,0.80859375
0.05859375,-0.0546875,0.80859375
0.05859375,-0.0546875,0.8046875
0.05859375,-0.0546875,0.8046875
0.05859375,-0.0546875,0.8046875
0.05859375,-0.0546875,0.8046875
0.05859375,-0.0546875,0.8046875
0.05859375,-0.0546875,0.8046875
0.05859375,-0.0546875,0.8046875
0.05859375,-0.0546875,0.8046875
0.0625,-0.05078125,0.8125
0.0625,-0.05078125,0.8125
0.0625,-0.05078125,0.8125
0.0625,-0.05078125,0.8125
0.0625,-0.05078125,0.8125
0.0625,-0.05078125,0.8125
0.0625,-0.05078125,0.8125
0.0625,-0.05078125,0.8125
0.05078125,-0.04296875,0.79296875
0.05078125,-0.04296875,0.79296875
0.05078125,-0.04296875,0.79296875
0.05078125,-0.04296875,0.79296875
0.05078125,-0.04296875,0.79296875
0.05078125,-0.04296875,0.79296875
0.05078125,-0.04296875,0.79296875
0.05078125,-0.04296875,0.79296875
0.05078125,-0.04296875,0.79296875
0.05078125,-0.04296875,0.79296875
0.05078125,-0.04296875,0.79296875
0.05078125,-0.04296875,0.79296875
0.05078125,-0.04296875,0.79296875
0.05078125,-0.04296875,0.79296875
0.05078125,-0.04296875,0.79296875
0.05078125,-0.04296875,0.79296875
0.05078125,-0.04296875,0.7890625
0.05078125,-0.04296875,0.7890625
0.05078125,-0.04296875,0.7890625
0.05078125,-0.04296875,0.7890625
0.05078125,-0.04296875,0.7890625
0.05078125,-0.04296875,0.7890625
0.05078125,-0.04296875,0.7890625
0.05078125,-0.04296875,0.7890625
0.05078125,-0.04296875,0.7890625
0.05078125,-0.04296875,0.7890625
0.05078125,-0.04296875,0.7890625
0.05078125,-0.04296875,0.7890625
0.05078125,-0.04296875,0.7890625
0.05078125,-0.04296875,0.7890625
0.05078125,-0.04296875,0.7890625
0.05078125,-0.04296875,0.7890625
0.0546875,-0.04296875,0.78515625
0.0546875,-0.04296875,0.78515625
0.0546875,-0.04296875,0.78515625
0.0546875,-0.04296875,0.78515625
0.0546875,-0.04296875,0.78515625
0.0546875,-0.04296875,0.78515625
0.0546875,-0.04296875,0.78515625
0.0546875,-0.04296875,0.78515625
0.0546875,-0.04296875,0.78515625
0.05859375,-0.046875,0.78125
0.05859375,-0.046875,0.78125
0.05859375,-0.046875,0.78125
0.05859375,-0.046875,0.78125
0.05859375,-0.046875,0.78125
0.05859375,-0.046875,0.78125
0.05859375,-0.046875,0.78125
0.05859375,-0.046875,0.78125
0.05859375,-0.046875,0.78125
0.05859375,-0.046875,0.78125
0.05859375,-0.046875,0.78125
0.05859375,-0.046875,0.78125
0.05859375,-0.046875,0.78125
0.05859375,-0.046875,0.78125
0.05859375,-0.046875,0.78125
0.05859375,-0.046875,0.78125
0.05859375,-0.046875,0.78125
0.05859375,-0.046875,0.78125
0.05859375,-0.046875,0.78125
0.05859375,-0.046875,0.78125
0.05859375,-0.046875,0.78125
0.05859375,-0.046875,0.78125
0.05859375,-0.046875,0.78125
0.0546875,-0.0390625,0.76953125
0.0546875,-0.0390625,0.76953125
0.0546875,-0.0390625,0.76953125
0.0546875,-0.0390625,0.76953125
0.0546875,-0.0390625,0.76953125
0.0546875,-0.0390625,0.76953125
0.0546875,-0.0390625,0.76953125
0.0546875,-0.0390625,0.76953125
0.0546875,-0.0390625,0.76953125
0.0546875,-0.0390625,0.76953125
0.0546875,-0.0390625,0.76953125
0.0546875,-0.0390625,0.76953125
0.0546875,-0.0390625,0.76953125
0.0546875,-0.0390625,0.76953125
0.0546875,-0.0390625,0.76953125
0.0546875,-0.0390625,0.76953125
0.05859375,-0.0390625,0.7734375
0.05859375,-0.0390625,0.7734375
0.05859375,-0.0390625,0.7734375
0.05859375,-0.0390625,0.7734375
0.05859375,-0.0390625,0.7734375
0.05859375,-0.0390625,0.7734375
0.05859375,-0.0390625,0.7734375
0.05859375,-0.0390625,0.7734375
0.05859375,-0.0390625,0.7734375
0.0625,-0.03515625,0.77734375
0.0625,-0.03515625,0.77734375
0.0625,-0.03515625,0.77734375
0.0625,-0.03515625,0.77734375
0.0625,-0.03515625,0.77734375
0.0625,-0.03515625,0.77734375
0.0625,-0.03515625,0.77734375
0.06640625,-0.046875,0.78125
0.06640625,-0.046875,0.78125
0.06640625,-0.046875,0.78125
0.06640625,-0.046875,0.78125
0.06640625,-0.046875,0.78125
0.06640625,-0.046875,0.78125
0.06640625,-0.046875,0.78125
0.06640625,-0.046875,0.78125
0.06640625,-0.046875,0.78125
0.06640625,-0.046875,0.78125
0.06640625,-0.046875,0.78125
0.06640625,-0.046875,0.78125
0.06640625,-0.046875,0.78125
0.06640625,-0.046875,0.78125
0.06640625,-0.046875,0.78125
0.06640625,-0.046875,0.78125
0.05859375,-0.04296875,0.7890625
0.0625,-0.0390625,0.78515625
0.0625,-0.0390625,0.78515625
0.0625,-0.0390625,0.78515625
0.0625,-0.0390625,0.78515625
0.0625,-0.0390625,0.78515625
0.0625,-0.0390625,0.78515625
0.0625,-0.0390625,0.78515625
0.0625,-0.0390625,0.78515625
0.0625,-0.0390625,0.78515625
0.0625,-0.0390625,0.78515625
0.0625,-0.0390625,0.78515625
0.0625,-0.0390625,0.78515625
0.0625,-0.0390625,0.78515625
0.0625,-0.0390625,0.78515625
0.0625,-0.0390625,0.78515625
0.0625,-0.0390625,0.7890625
0.0625,-0.0390625,0.7890625
0.0625,-0.0390625,0.7890625
0.0625,-0.0390625,0.7890625
0.0625,-0.0390625,0.7890625
0.0625,-0.0390625,0.7890625
0.0625,-0.0390625,0.7890625
0.0625,-0.0390625,0.7890625
0.0625,-0.0390625,0.7890625
0.05859375,-0.05078125,0.78515625
0.05859375,-0.05078125,0.78515625
0.05859375,-0.05078125,0.78515625
0.05859375,-0.05078125,0.78515625
0.05859375,-0.05078125,0.78515625
0.05859375,-0.05078125,0.78515625
0.05859375,-0.05078125,0.78515625
0.05859375,-0.05078125,0.79296875
0.05859375,-0.05078125,0.79296875
0.05859375,-0.05078125,0.79296875
0.05859375,-0.05078125,0.79296875
0.05859375,-0.05078125,0.79296875
0.05859375,-0.05078125,0.79296875
0.05859375,-0.05078125,0.79296875
0.05859375,-0.05078125,0.79296875
0.05859375,-0.05078125,0.79296875
0.05859375,-0.05078125,0.79296875
0.05859375,-0.05078125,0.79296875
0.05859375,-0.05078125,0.79296875
0.05859375,-0.05078125,0.79296875
0.05859375,-0.05078125,0.79296875
0.05859375,-0.05078125,0.79296875
0.05859375,-0.05078125,0.79296875
0.0546875,-0.05078125,0.8046875
0.05859375,-0.0546875,0.8125
0.05859375,-0.0546875,0.8125
0.05859375,-0.0546875,0.8125
0.05859375,-0.0546875,0.8125
0.05859375,-0.0546875,0.8125
0.05859375,-0.0546875,0.8125
0.05859375,-0.0546875,0.8125
0.05859375,-0.0546875,0.8125
0.05859375,-0.0546875,0.8125
0.05859375,-0.0546875,0.8125
0.05859375,-0.0546875,0.8125
0.05859375,-0.0546875,0.8125
0.05859375,-0.0546875,0.8125
0.05859375,-0.0546875,0.8125
0.05859375,-0.0546875,0.8125
0.05859375,-0.0546875,0.8125
0.05859375,-0.0546875,0.8125
0.05859375,-0.0546875,0.8125
0.05859375,-0.0546875,0.8125
0.05859375,-0.0546875,0.8125
0.05859375,-0.0546875,0.8125
0.05859375,-0.0546875,0.8125
0.05859375,-0.0546875,0.8125
0.05859375,-0.0546875,0.8125
0.05859375,-0.0546875,0.8125
0.05859375,-0.05078125,0.81640625
0.05859375,-0.05078125,0.81640625
0.05859375,-0.05078125,0.81640625
0.05859375,-0.05078125,0.81640625
0.05859375,-0.05078125,0.81640625
0.05859375,-0.05078125,0.81640625
0.05859375,-0.05078125,0.81640625
0.05859375,-0.05078125,0.81640625
0.05859375,-0.05078125,0.81640625
0.05859375,-0.05078125,0.81640625
0.05859375,-0.05078125,0.81640625
0.05859375,-0.05078125,0.81640625
0.05859375,-0.05078125,0.81640625
0.05859375,-0.05078125,0.81640625
0.05859375,-0.05078125,0.81640625
0.05859375,-0.05078125,0.81640625
0.05859375,-0.05078125,0.81640625
0.05859375,-0.05078125,0.81640625
0.05859375,-0.05078125,0.81640625
0.05859375,-0.05078125,0.81640625
0.05859375,-0.05078125,0.81640625
0.05859375,-0.05078125,0.81640625
0.05859375,-0.05078125,0.81640625
0.0625,-0.05859375,0.8125
0.0625,-0.05859375,0.8125
0.0625,-0.05859375,0.8125
0.0625,-0.05859375,0.8125
0.0625,-0.05859375,0.8125
0.0625,-0.05859375,0.8125
0.0625,-0.05859375,0.8125
0.0625,-0.05859375,0.8125
0.0625,-0.05859375,0.8125
0.0625,-0.05859375,0.8125
0.0625,-0.05859375,0.8125
0.0625,-0.05859375,0.8125
0.0625,-0.05859375,0.8125
0.0625,-0.05859375,0.8125
0.0625,-0.05859375,0.8125
0.05859375,-0.05078125,0.8125
0.05859375,-0.05078125,0.8125
0.05859375,-0.05078125,0.8125
0.05859375,-0.05078125,0.8125
0.05859375,-0.05078125,0.8125
0.05859375,-0.05078125,0.8125
0.05859375,-0.05078125,0.8125
0.05859375,-0.05078125,0.8125
0.05859375,-0.05078125,0.8125
0.05859375,-0.05078125,0.8125
0.0546875,-0.046875,0.8125
0.0546875,-0.046875,0.8125
0.0546875,-0.046875,0.8125
0.0546875,-0.046875,0.8125
0.0546875,-0.046875,0.8125
0.0546875,-0.046875,0.8125
0.0546875,-0.0546875,0.80078125
0.0546875,-0.0546875,0.80078125
0.0546875,-0.0546875,0.80078125
0.0546875,-0.0546875,0.80078125
0.0546875,-0.0546875,0.80078125
0.0546875,-0.0546875,0.80078125
0.0546875,-0.0546875,0.80078125
0.0546875,-0.0546875,0.80078125
0.0546875,-0.0546875,0.80078125
0.0546875,-0.0546875,0.80078125
0.0546875,-0.0546875,0.80078125
0.0546875,-0.0546875,0.80078125
0.0546875,-0.0546875,0.80078125
0.0546875,-0.0546875,0.80078125
0.0546875,-0.0546875,0.80078125
0.0546875,-0.0546875,0.80078125
0.0546875,-0.04296875,0.8046875
0.0546875,-0.04296875,0.8046875
0.0625,-0.05078125,0.796875
0.0625,-0.05078125,0.796875
0.0625,-0.05078125,0.796875
0.0625,-0.05078125,0.796875
0.0625,-0.05078125,0.796875
0.0625,-0.05078125,0.796875
0.0625,-0.05078125,0.796875
0.0625,-0.05078125,0.796875
0.0625,-0.05078125,0.796875
0.0625,-0.05078125,0.796875
0.0625,-0.05078125,0.796875
0.0625,-0.05078125,0.796875
0.0625,-0.05078125,0.796875
0.0625,-0.05078125,0.796875
0.05859375,-0.05078125,0.796875
0.05859375,-0.05078125,0.796875
0.05859375,-0.05078125,0.796875
0.05859375,-0.05078125,0.796875
0.05859375,-0.05078125,0.796875
0.05859375,-0.05078125,0.796875
0.05859375,-0.05078125,0.796875
0.05859375,-0.05078125,0.796875
0.05859375,-0.05078125,0.796875
0.05859375,-0.05078125,0.796875
0.0625,-0.0390625,0.78515625
0.0625,-0.0390625,0.78515625
0.0625,-0.0390625,0.78515625
0.0625,-0.0390625,0.78515625
0.0625,-0.0390625,0.78515625
0.0625,-0.0390625,0.78515625
0.05859375,-0.046875,0.78125
0.05859375,-0.046875,0.78125
0.05859375,-0.046875,0.78125
0.05859375,-0.046875,0.78125
0.05859375,-0.046875,0.78125
0.05859375,-0.046875,0.78125
0.05859375,-0.046875,0.78125
0.05859375,-0.046875,0.78125
0.05859375,-0.046875,0.78125
0.05859375,-0.046875,0.78125
0.05859375,-0.046875,0.78125
0.05859375,-0.046875,0.78125
0.05859375,-0.046875,0.78125
0.05859375,-0.046875,0.78125
0.05859375,-0.046875,0.78125
0.05859375,-0.046875,0.78125
0.05859375,-0.05078125,0.78125
0.05859375,-0.05078125,0.78125
0.05859375,-0.046875,0.77734375
0.05859375,-0.046875,0.77734375
0.05859375,-0.046875,0.77734375
0.05859375,-0.046875,0.77734375
0.05859375,-0.046875,0.77734375
0.05859375,-0.046875,0.77734375
0.05859375,-0.046875,0.77734375
0.05859375,-0.046875,0.77734375
0.05859375,-0.046875,0.77734375
0.05859375,-0.046875,0.77734375
0.05859375,-0.046875,0.77734375
0.05859375,-0.046875,0.77734375
0.05859375,-0.046875,0.77734375
0.05859375,-0.046875,0.77734375
0.05859375,-0.04296875,0.76953125
0.05859375,-0.04296875,0.76953125
0.05859375,-0.04296875,0.76953125
0.05859375,-0.04296875,0.76953125
0.05859375,-0.04296875,0.76953125
0.05859375,-0.04296875,0.76953125
0.05859375,-0.04296875,0.76953125
0.05859375,-0.04296875,0.76953125
0.05859375,-0.04296875,0.76953125
0.05859375,-0.04296875,0.76953125
0.05859375,-0.04296875,0.76953125
0.05859375,-0.04296875,0.7734375
0.05859375,-0.04296875,0.7734375
0.05859375,-0.04296875,0.7734375
0.05859375,-0.04296875,0.7734375
0.05859375,-0.04296875,0.7734375
0.05859375,-0.046875,0.76953125
0.05859375,-0.046875,0.76953125
0.05859375,-0.046875,0.76953125
0.05859375,-0.046875,0.76953125
0.05859375,-0.046875,0.76953125
0.05859375,-0.046875,0.76953125
0.05859375,-0.046875,0.76953125
0.05859375,-0.046875,0.76953125
0.05859375,-0.046875,0.76953125
0.05859375,-0.046875,0.76953125
0.05859375,-0.046875,0.76953125
0.05859375,-0.046875,0.76953125
0.05859375,-0.046875,0.76953125
0.05859375,-0.046875,0.76953125
0.05859375,-0.046875,0.76953125
0.05859375,-0.046875,0.76953125
0.0625,-0.0390625,0.7734375
0.0625,-0.0390625,0.7734375
0.0546875,-0.0390625,0.79296875
0.0546875,-0.0390625,0.79296875
0.0546875,-0.0390625,0.79296875
0.0546875,-0.0390625,0.79296875
0.0546875,-0.0390625,0.79296875
0.0546875,-0.0390625,0.79296875
0.0546875,-0.0390625,0.79296875
0.0546875,-0.0390625,0.79296875
0.0546875,-0.0390625,0.79296875
0.0546875,-0.0390625,0.79296875
0.0546875,-0.0390625,0.79296875
0.0546875,-0.0390625,0.79296875
0.0546875,-0.0390625,0.79296875
0.0546875,-0.0390625,0.79296875
0.0625,-0.05078125,0.77734375
0.0625,-0.05078125,0.77734375
0.0625,-0.05078125,0.77734375
0.0625,-0.05078125,0.77734375
0.0625,-0.05078125,0.77734375
0.0625,-0.05078125,0.77734375
0.0625,-0.05078125,0.77734375
0.0625,-0.05078125,0.77734375
0.0625,-0.05078125,0.77734375
0.0625,-0.05078125,0.77734375
0.0625,-0.05078125,0.77734375
0.05859375,-0.03515625,0.77734375
0.05859375,-0.03515625,0.77734375
0.05859375,-0.03515625,0.77734375
0.05859375,-0.03515625,0.77734375
0.05859375,-0.03515625,0.77734375
0.05859375,-0.05078125,0.7890625
0.05859375,-0.05078125,0.7890625
0.05859375,-0.05078125,0.7890625
0.05859375,-0.05078125,0.7890625
0.05859375,-0.05078125,0.7890625
0.05859375,-0.05078125,0.7890625
0.05859375,-0.05078125,0.7890625
0.05859375,-0.05078125,0.7890625
0.05859375,-0.05078125,0.7890625
0.05859375,-0.05078125,0.7890625
0.05859375,-0.05078125,0.7890625
0.05859375,-0.05078125,0.7890625
0.05859375,-0.05078125,0.7890625
0.05859375,-0.05078125,0.7890625
0.05859375,-0.05078125,0.7890625
0.05859375,-0.05078125,0.7890625
0.05859375,-0.05078125,0.796875
0.05859375,-0.05078125,0.796875
0.05859375,-0.05078125,0.796875
0.05859375,-0.05078125,0.79296875
0.05859375,-0.05078125,0.79296875
0.05859375,-0.05078125,0.79296875
0.05859375,-0.05078125,0.79296875
0.05859375,-0.05078125,0.79296875
0.05859375,-0.05078125,0.79296875
0.05859375,-0.05078125,0.79296875
0.05859375,-0.05078125,0.79296875
0.05859375,-0.05078125,0.79296875
0.05859375,-0.05078125,0.79296875
0.05859375,-0.05078125,0.79296875
0.05859375,-0.05078125,0.79296875
0.05859375,-0.05078125,0.79296875
0.0625,-0.0546875,0.80859375
0.0625,-0.0546875,0.80859375
0.0625,-0.0546875,0.80859375
0.0625,-0.0546875,0.80859375
0.0625,-0.0546875,0.80859375
0.0625,-0.0546875,0.80859375
0.0625,-0.0546875,0.80859375
0.0625,-0.0546875,0.80859375
0.0625,-0.0546875,0.80859375
0.0625,-0.0546875,0.80859375
0.0625,-0.0546875,0.80859375
0.0625,-0.0546875,0.80859375
0.0703125,-0.0546875,0.80859375
0.0703125,-0.0546875,0.80859375
0.0703125,-0.0546875,0.80859375
0.0703125,-0.0546875,0.80859375
0.05859375,-0.0546875,0.81640625
0.05859375,-0.0546875,0.81640625
0.05859375,-0.0546875,0.81640625
0.05859375,-0.0546875,0.81640625
0.05859375,-0.0546875,0.81640625
0.05859375,-0.0546875,0.81640625
0.05859375,-0.0546875,0.81640625
0.05859375,-0.0546875,0.81640625
0.05859375,-0.0546875,0.81640625
0.05859375,-0.0546875,0.81640625
0.05859375,-0.0546875,0.81640625
0.05859375,-0.0546875,0.81640625
0.05859375,-0.0546875,0.81640625
0.05859375,-0.0546875,0.81640625
0.05859375,-0.0546875,0.81640625
0.05859375,-0.0546875,0.81640625
0.06640625,-0.0546875,0.8203125
0.06640625,-0.0546875,0.8203125
0.06640625,-0.0546875,0.8203125
0.05859375,-0.05859375,0.828125
0.05859375,-0.05859375,0.828125
0.05859375,-0.05859375,0.828125
0.05859375,-0.05859375,0.828125
0.05859375,-0.05859375,0.828125
0.05859375,-0.05859375,0.828125
0.05859375,-0.05859375,0.828125
0.05859375,-0.05859375,0.828125
0.05859375,-0.05859375,0.828125
0.05859375,-0.05859375,0.828125
0.05859375,-0.05859375,0.828125
0.05859375,-0.05859375,0.828125
0.05859375,-0.05859375,0.828125
0.05859375,-0.05859375,0.8203125
0.05859375,-0.05859375,0.8203125
0.05859375,-0.05859375,0.8203125
0.05859375,-0.05859375,0.8203125
0.05859375,-0.05859375,0.8203125
0.05859375,-0.05859375,0.8203125
0.05859375,-0.05859375,0.8203125
0.05859375,-0.05859375,0.8203125
0.05859375,-0.05859375,0.8203125
0.05859375,-0.05859375,0.8203125
0.05859375,-0.05859375,0.8203125
0.05859375,-0.05859375,0.8203125
0.05859375,-0.05078125,0.828125
0.05859375,-0.05078125,0.828125
0.05859375,-0.05078125,0.828125
0.05859375,-0.05078125,0.828125
0.05859375,-0.046875,0.80859375
0.05859375,-0.046875,0.80859375
0.05859375,-0.046875,0.80859375
0.05859375,-0.046875,0.80859375
0.05859375,-0.046875,0.80859375
0.05859375,-0.046875,0.80859375
0.05859375,-0.046875,0.80859375
0.05859375,-0.046875,0.80859375
0.05859375,-0.046875,0.80859375
0.05859375,-0.046875,0.80859375
0.05859375,-0.046875,0.80859375
0.05859375,-0.046875,0.80859375
0.05859375,-0.046875,0.80859375
0.05859375,-0.046875,0.80859375
0.05859375,-0.046875,0.80859375
0.05859375,-0.046875,0.80859375
0.05859375,-0.05078125,0.80859375
0.05859375,-0.05078125,0.80859375
0.05859375,-0.05078125,0.80859375
0.05859375,-0.05078125,0.80859375
0.0546875,-0.05078125,0.80859375
0.0546875,-0.05078125,0.80859375
0.0546875,-0.05078125,0.80859375
0.0546875,-0.05078125,0.80859375
0.0546875,-0.05078125,0.80859375
0.0546875,-0.05078125,0.80859375
0.0546875,-0.05078125,0.80859375
0.0546875,-0.05078125,0.80859375
0.0546875,-0.05078125,0.80859375
0.0546875,-0.05078125,0.80859375
0.0546875,-0.05078125,0.80859375
0.0546875,-0.05078125,0.80859375
0.05859375,-0.05078125,0.796875
0.05859375,-0.05078125,0.796875
0.05859375,-0.05078125,0.796875
0.05859375,-0.05078125,0.796875
0.05859375,-0.05078125,0.796875
0.05859375,-0.05078125,0.796875
0.05859375,-0.05078125,0.796875
0.05859375,-0.05078125,0.796875
0.05859375,-0.05078125,0.796875
0.05859375,-0.05078125,0.796875
0.05859375,-0.05078125,0.796875
0.05859375,-0.05078125,0.796875
0.0625,-0.04296875,0.78125
0.0625,-0.04296875,0.78125
0.0625,-0.04296875,0.78125
0.0625,-0.04296875,0.78125
0.05078125,-0.046875,0.78125
0.05078125,-0.046875,0.78125
0.05078125,-0.046875,0.78125
0.05078125,-0.046875,0.78125
0.05078125,-0.046875,0.78125
0.05078125,-0.046875,0.78125
0.05078125,-0.046875,0.78125
0.05078125,-0.046875,0.78125
0.05078125,-0.046875,0.78125
0.05078125,-0.046875,0.78125
0.05078125,-0.046875,0.78125
0.05078125,-0.046875,0.78125
0.05078125,-0.046875,0.78125
0.05078125,-0.046875,0.78125
0.05078125,-0.046875,0.78125
0.05078125,-0.046875,0.78125
0.05859375,-0.0390625,0.77734375
0.05859375,-0.0390625,0.77734375
0.05859375,-0.0390625,0.77734375
0.05859375,-0.0390625,0.77734375
0.0546875,-0.0390625,0.77734375
0.0546875,-0.0390625,0.77734375
0.0546875,-0.0390625,0.77734375
0.0546875,-0.0390625,0.77734375
0.0546875,-0.0390625,0.77734375
0.0546875,-0.0390625,0.77734375
0.0546875,-0.0390625,0.77734375
0.0546875,-0.0390625,0.77734375
0.0546875,-0.0390625,0.77734375
0.0546875,-0.0390625,0.77734375
0.0546875,-0.0390625,0.77734375
0.0546875,-0.0390625,0.77734375
0.05859375,-0.05078125,0.78515625
0.05859375,-0.05078125,0.78515625
0.05859375,-0.05078125,0.78515625
0.05859375,-0.05078125,0.78515625
0.05859375,-0.05078125,0.78515625
0.05859375,-0.05078125,0.78515625
0.05859375,-0.05078125,0.78515625
0.05859375,-0.05078125,0.78515625
0.05859375,-0.05078125,0.78515625
0.05859375,-0.05078125,0.78515625
0.05859375,-0.05078125,0.78515625
0.05859375,-0.05078125,0.78515625
0.05859375,-0.05078125,0.78515625
0.05859375,-0.0390625,0.78125
0.05859375,-0.0390625,0.78125
0.05859375,-0.0390625,0.78125
0.05859375,-0.0390625,0.76953125
0.05859375,-0.0390625,0.76953125
0.05859375,-0.0390625,0.76953125
0.05859375,-0.0390625,0.76953125
0.05859375,-0.0390625,0.76953125
0.05859375,-0.0390625,0.76953125
0.05859375,-0.0390625,0.76953125
0.05859375,-0.0390625,0.76953125
0.05859375,-0.0390625,0.76953125
0.05859375,-0.0390625,0.76953125
0.05859375,-0.0390625,0.76953125
0.05859375,-0.0390625,0.76953125
0.05859375,-0.0390625,0.76953125
0.05859375,-0.0390625,0.76953125
0.05859375,-0.0390625,0.76953125
0.05859375,-0.0390625,0.76953125
0.05859375,-0.04296875,0.78125
0.05859375,-0.04296875,0.78125
0.05859375,-0.04296875,0.78125
0.05859375,-0.04296875,0.78125
0.05859375,-0.0390625,0.76953125
0.05859375,-0.0390625,0.76953125
0.05859375,-0.0390625,0.76953125
0.05859375,-0.0390625,0.76953125
0.05859375,-0.0390625,0.76953125
0.05859375,-0.0390625,0.76953125
0.05859375,-0.0390625,0.76953125
0.05859375,-0.0390625,0.76953125
0.05859375,-0.0390625,0.76953125
0.05859375,-0.0390625,0.76953125
0.05859375,-0.0390625,0.76953125
0.05859375,-0.0390625,0.76953125
0.05859375,-0.03515625,0.7734375
0.05859375,-0.03515625,0.7734375
0.05859375,-0.03515625,0.7734375
0.05859375,-0.03515625,0.7734375
0.05859375,-0.03515625,0.7734375
0.05859375,-0.03515625,0.7734375
0.05859375,-0.03515625,0.7734375
0.05859375,-0.03515625,0.7734375
0.05859375,-0.03515625,0.7734375
0.05859375,-0.03515625,0.7734375
0.05859375,-0.03515625,0.7734375
0.05859375,-0.03515625,0.7734375
0.05859375,-0.03515625,0.7734375
0.0625,-0.0390625,0.77734375
0.0625,-0.0390625,0.77734375
0.0625,-0.0390625,0.77734375
0.0625,-0.04296875,0.77734375
0.0625,-0.04296875,0.77734375
0.0625,-0.04296875,0.77734375
0.0625,-0.04296875,0.77734375
0.0625,-0.04296875,0.77734375
0.0625,-0.04296875,0.77734375
0.0625,-0.04296875,0.77734375
0.0625,-0.04296875,0.77734375
0.0625,-0.04296875,0.77734375
0.0625,-0.04296875,0.77734375
0.0625,-0.04296875,0.77734375
0.0625,-0.04296875,0.77734375
0.0625,-0.04296875,0.77734375
0.0625,-0.04296875,0.77734375
0.0625,-0.04296875,0.77734375
0.0625,-0.04296875,0.77734375
0.0625,-0.04296875,0.7890625
0.0625,-0.04296875,0.7890625
0.0625,-0.04296875,0.7890625
0.0625,-0.04296875,0.7890625
0.0625,-0.04296875,0.7890625
0.06640625,-0.046875,0.796875
0.06640625,-0.046875,0.796875
0.06640625,-0.046875,0.796875
0.06640625,-0.046875,0.796875
0.06640625,-0.046875,0.796875
0.06640625,-0.046875,0.796875
0.06640625,-0.046875,0.796875
0.06640625,-0.046875,0.796875
0.06640625,-0.046875,0.796875
0.06640625,-0.046875,0.796875
0.06640625,-0.046875,0.796875
0.0625,-0.05859375,0.80078125
0.0625,-0.05859375,0.80078125
0.0625,-0.05859375,0.80078125
0.0625,-0.05859375,0.80078125
0.0625,-0.05859375,0.80078125
0.0625,-0.05859375,0.80078125
0.0625,-0.05859375,0.80078125
0.0625,-0.05859375,0.80078125
0.0625,-0.05859375,0.80078125
0.0625,-0.05859375,0.80078125
0.0625,-0.05859375,0.80078125
0.0625,-0.05859375,0.80078125
0.0625,-0.05859375,0.80078125
0.0625,-0.05078125,0.8046875
0.0625,-0.05078125,0.8046875
0.0625,-0.05078125,0.8046875
0.05859375,-0.046875,0.8046875
0.05859375,-0.046875,0.8046875
0.05859375,-0.046875,0.8046875
0.05859375,-0.046875,0.8046875
0.05859375,-0.046875,0.8046875
0.05859375,-0.046875,0.8046875
0.05859375,-0.046875,0.8046875
0.05859375,-0.046875,0.8046875
0.05859375,-0.046875,0.8046875
0.05859375,-0.046875,0.8046875
0.05859375,-0.046875,0.8046875
0.05859375,-0.046875,0.8046875
0.05859375,-0.046875,0.8046875
0.05859375,-0.046875,0.8046875
0.05859375,-0.046875,0.8046875
0.05859375,-0.046875,0.8046875
0.05859375,-0.046875,0.8203125
0.05859375,-0.046875,0.8203125
0.05859375,-0.046875,0.8203125
0.05859375,-0.046875,0.8203125
0.05859375,-0.046875,0.8203125
0.06640625,-0.05859375,0.83203125
0.06640625,-0.05859375,0.83203125
0.06640625,-0.05859375,0.83203125
0.06640625,-0.05859375,0.83203125
0.06640625,-0.05859375,0.83203125
0.06640625,-0.05859375,0.83203125
0.06640625,-0.05859375,0.83203125
0.06640625,-0.05859375,0.83203125
0.06640625,-0.05859375,0.83203125
0.06640625,-0.05859375,0.83203125
0.06640625,-0.05859375,0.83203125
0.05859375,-0.0546875,0.82421875
0.05859375,-0.0546875,0.82421875
0.05859375,-0.0546875,0.82421875
0.05859375,-0.0546875,0.82421875
0.05859375,-0.0546875,0.82421875
0.05859375,-0.0546875,0.82421875
0.05859375,-0.0546875,0.82421875
0.05859375,-0.0546875,0.82421875
0.05859375,-0.0546875,0.82421875
0.05859375,-0.0546875,0.82421875
0.05859375,-0.0546875,0.82421875
0.05859375,-0.0546875,0.82421875
0.05859375,-0.0546875,0.82421875
0.0625,-0.05078125,0.8203125
0.0625,-0.05078125,0.8203125
0.0625,-0.05078125,0.8203125
0.05859375,-0.0546875,0.81640625
0.05859375,-0.0546875,0.81640625
0.05859375,-0.0546875,0.81640625
0.05859375,-0.0546875,0.81640625
0.05859375,-0.0546875,0.81640625
0.05859375,-0.0546875,0.81640625
0.05859375,-0.0546875,0.81640625
0.05859375,-0.0546875,0.81640625
0.05859375,-0.0546875,0.81640625
0.05859375,-0.0546875,0.81640625
0.05859375,-0.0546875,0.81640625
0.05859375,-0.0546875,0.81640625
0.05859375,-0.0546875,0.81640625
0.05859375,-0.0546875,0.81640625
0.05859375,-0.0546875,0.81640625
0.05859375,-0.0546875,0.81640625
0.05859375,-0.046875,0.81640625
0.05859375,-0.046875,0.81640625
0.05859375,-0.046875,0.81640625
0.05859375,-0.046875,0.81640625
0.05859375,-0.046875,0.81640625
0.05859375,-0.0546875,0.8046875
0.05859375,-0.0546875,0.8046875
0.05859375,-0.0546875,0.8046875
0.05859375,-0.0546875,0.8046875
0.05859375,-0.0546875,0.8046875
0.05859375,-0.0546875,0.8046875
0.05859375,-0.0546875,0.8046875
0.05859375,-0.0546875,0.8046875
0.05859375,-0.0546875,0.8046875
0.05859375,-0.0546875,0.8046875
0.05859375,-0.0546875,0.8046875
0.0546875,-0.0546875,0.80859375
0.0546875,-0.0546875,0.80859375
0.0546875,-0.0546875,0.80859375
0.0546875,-0.0546875,0.80859375
0.0546875,-0.0546875,0.80859375
0.0546875,-0.0546875,0.80859375
0.0546875,-0.0546875,0.80859375
0.0546875,-0.0546875,0.80859375
0.0546875,-0.0546875,0.80859375
0.0546875,-0.0546875,0.80859375
0.0546875,-0.046875,0.80859375
0.0546875,-0.046875,0.80859375
0.0546875,-0.046875,0.80859375
0.0546875,-0.046875,0.80859375
0.0546875,-0.046875,0.80859375
0.0546875,-0.046875,0.80859375
0.0546875,-0.046875,0.79296875
0.0546875,-0.046875,0.79296875
0.0546875,-0.046875,0.79296875
0.0546875,-0.046875,0.79296875
0.0546875,-0.046875,0.79296875
0.0546875,-0.046875,0.79296875
0.0546875,-0.046875,0.79296875
0.0546875,-0.046875,0.79296875
0.0546875,-0.046875,0.79296875
0.0546875,-0.046875,0.79296875
0.0546875,-0.046875,0.79296875
0.0546875,-0.046875,0.79296875
0.0546875,-0.046875,0.79296875
0.0546875,-0.046875,0.79296875
0.0546875,-0.046875,0.79296875
0.0546875,-0.046875,0.79296875
0.0546875,-0.046875,0.79296875
0.0546875,-0.046875,0.79296875
0.0546875,-0.046875,0.79296875
0.0546875,-0.046875,0.79296875
0.0546875,-0.046875,0.79296875
0.0546875,-0.046875,0.79296875
0.05859375,-0.046875,0.77734375
0.05859375,-0.046875,0.77734375
0.05859375,-0.046875,0.77734375
0.05859375,-0.046875,0.77734375
0.05859375,-0.046875,0.77734375
0.05859375,-0.046875,0.77734375
0.05859375,-0.046875,0.77734375
0.05859375,-0.046875,0.77734375
0.05859375,-0.046875,0.77734375
0.05859375,-0.046875,0.77734375
0.05859375,-0.05078125,0.78515625
0.05859375,-0.05078125,0.78515625
0.05859375,-0.05078125,0.78515625
0.05859375,-0.05078125,0.78515625
0.05859375,-0.05078125,0.78515625
0.05859375,-0.05078125,0.78515625
0.05859375,-0.05078125,0.78515625
0.05859375,-0.05078125,0.78515625
0.05859375,-0.05078125,0.78515625
0.05859375,-0.05078125,0.78515625
0.05859375,-0.05078125,0.78515625
0.05859375,-0.05078125,0.78515625
0.05859375,-0.05078125,0.78515625
0.05859375,-0.05078125,0.78515625
0.05859375,-0.05078125,0.78515625
0.05859375,-0.04296875,0.78515625
0.046875,-0.046875,0.78125
0.046875,-0.046875,0.78125
0.046875,-0.046875,0.78125
0.046875,-0.046875,0.78125
0.046875,-0.046875,0.78125
0.046875,-0.046875,0.78125
0.046875,-0.046875,0.78125
0.046875,-0.046875,0.78125
0.046875,-0.046875,0.78125
0.046875,-0.046875,0.78125
0.046875,-0.046875,0.78125
0.046875,-0.046875,0.78125
0.046875,-0.046875,0.78125
0.046875,-0.046875,0.78125
0.046875,-0.046875,0.78125
0.046875,-0.046875,0.78125
0.0546875,-0.03515625,0.77734375
0.0546875,-0.03515625,0.77734375
0.0546875,-0.03515625,0.77734375
0.0546875,-0.03515625,0.77734375
0.0546875,-0.03515625,0.77734375
0.0546875,-0.03515625,0.77734375
0.05078125,-0.03515625,0.78125
0.05078125,-0.03515625,0.78125
0.05078125,-0.03515625,0.78125
0.05078125,-0.03515625,0.78125
0.05078125,-0.03515625,0.78125
0.05078125,-0.03515625,0.78125
0.05078125,-0.03515625,0.78125
0.05078125,-0.03515625,0.78125
0.05078125,-0.03515625,0.78125
0.05078125,-0.03515625,0.78125
0.05859375,-0.046875,0.7734375
0.05859375,-0.046875,0.7734375
0.05859375,-0.046875,0.7734375
0.05859375,-0.046875,0.7734375
0.05859375,-0.046875,0.7734375
0.05859375,-0.046875,0.7734375
0.05859375,-0.046875,0.7734375
0.05859375,-0.046875,0.7734375
0.05859375,-0.046875,0.7734375
0.05859375,-0.046875,0.7734375
0.05859375,-0.046875,0.7734375
0.05859375,-0.046875,0.7734375
0.05859375,-0.046875,0.7734375
0.05859375,-0.046875,0.7734375
0.05859375,-0.046875,0.7734375
0.0625,-0.0390625,0.78515625
0.0625,-0.0390625,0.76953125
0.0625,-0.0390625,0.76953125
0.0625,-0.0390625,0.76953125
0.0625,-0.0390625,0.76953125
0.0625,-0.0390625,0.76953125
0.0625,-0.0390625,0.76953125
0.0625,-0.0390625,0.76953125
0.0625,-0.0390625,0.76953125
0.0625,-0.0390625,0.76953125
0.0625,-0.0390625,0.76953125
0.0625,-0.0390625,0.76953125
0.0625,-0.0390625,0.76953125
0.0625,-0.0390625,0.76953125
0.0625,-0.0390625,0.76953125
0.0625,-0.0390625,0.76953125
0.0625,-0.0390625,0.76953125
0.05859375,-0.04296875,0.76171875
0.05859375,-0.04296875,0.76171875
0.05859375,-0.04296875,0.76171875
0.05859375,-0.04296875,0.76171875
0.05859375,-0.04296875,0.76171875
0.05859375,-0.04296875,0.76171875
0.05859375,-0.04296875,0.76171875
0.05859375,-0.04296875,0.78125
0.05859375,-0.04296875,0.78125
0.05859375,-0.04296875,0.78125
0.05859375,-0.04296875,0.78125
0.05859375,-0.04296875,0.78125
0.05859375,-0.04296875,0.78125
0.05859375,-0.04296875,0.78125
0.05859375,-0.04296875,0.78125
0.05859375,-0.04296875,0.78125
0.0625,-0.046875,0.78125
0.0625,-0.046875,0.78125
0.0625,-0.046875,0.78125
0.0625,-0.046875,0.78125
0.0625,-0.046875,0.78125
0.0625,-0.046875,0.78125
0.0625,-0.046875,0.78125
0.0625,-0.046875,0.78125
0.0625,-0.046875,0.78125
0.0625,-0.046875,0.78125
0.0625,-0.046875,0.78125
0.0625,-0.046875,0.78125
0.0625,-0.046875,0.78125
0.0625,-0.046875,0.78125
0.0625,-0.046875,0.78125
0.0546875,-0.05078125,0.796875
0.05859375,-0.05078125,0.7890625
0.05859375,-0.05078125,0.7890625
0.05859375,-0.05078125,0.7890625
0.05859375,-0.05078125,0.7890625
0.05859375,-0.05078125,0.7890625
0.05859375,-0.05078125,0.7890625
0.05859375,-0.05078125,0.7890625
0.05859375,-0.05078125,0.7890625
0.05859375,-0.05078125,0.7890625
0.05859375,-0.05078125,0.7890625
0.05859375,-0.05078125,0.7890625
0.05859375,-0.05078125,0.7890625
0.05859375,-0.05078125,0.7890625
0.05859375,-0.05078125,0.7890625
0.05859375,-0.05078125,0.7890625
0.05859375,-0.05078125,0.7890625
0.05859375,-0.05078125,0.8046875
0.05859375,-0.05078125,0.8046875
0.05859375,-0.05078125,0.8046875
0.05859375,-0.05078125,0.8046875
0.05859375,-0.05078125,0.8046875
0.05859375,-0.05078125,0.8046875
0.05859375,-0.05078125,0.8046875
0.05859375,-0.0546875,0.8125
0.05859375,-0.0546875,0.8125
0.05859375,-0.0546875,0.8125
0.05859375,-0.0546875,0.8125
0.05859375,-0.0546875,0.8125
0.05859375,-0.0546875,0.8125
0.05859375,-0.0546875,0.8125
0.05859375,-0.0546875,0.8125
0.05859375,-0.0546875,0.8125
0.05859375,-0.05859375,0.8125
0.05859375,-0.05859375,0.8125
0.05859375,-0.05859375,0.8125
0.05859375,-0.05859375,0.8125
0.05859375,-0.05859375,0.8125
0.05859375,-0.05859375,0.8125
0.05859375,-0.05859375,0.8125
0.05859375,-0.05859375,0.8125
0.05859375,-0.05859375,0.8125
0.05859375,-0.05859375,0.8125
0.05859375,-0.05859375,0.8125
0.05859375,-0.05859375,0.8125
0.05859375,-0.05859375,0.8125
0.05859375,-0.05859375,0.8125
0.05859375,-0.05859375,0.8125
0.05859375,-0.05859375,0.8125
0.05859375,-0.0546875,0.8125
0.05859375,-0.0546875,0.8125
0.05859375,-0.0546875,0.8125
0.05859375,-0.0546875,0.8125
0.05859375,-0.0546875,0.8125
0.05859375,-0.0546875,0.8125
0.05859375,-0.0546875,0.8125
0.05859375,-0.0546875,0.8125
0.05859375,-0.0546875,0.8125
0.05859375,-0.0546875,0.8125
0.05859375,-0.0546875,0.8125
0.05859375,-0.0546875,0.8125
0.05859375,-0.0546875,0.8125
0.05859375,-0.0546875,0.8125
0.05859375,-0.0546875,0.8125
0.05859375,-0.0546875,0.8125
0.06640625,-0.0546875,0.81640625
0.06640625,-0.0546875,0.81640625
0.06640625,-0.0546875,0.81640625
0.06640625,-0.0546875,0.81640625
0.06640625,-0.0546875,0.81640625
0.06640625,-0.0546875,0.81640625
0.06640625,-0.0546875,0.81640625
0.0625,-0.046875,0.8203125
0.0625,-0.046875,0.8203125
0.0625,-0.046875,0.8203125
0.0625,-0.046875,0.8203125
0.0625,-0.046875,0.8203125
0.0625,-0.046875,0.8203125
0.0625,-0.046875,0.8203125
0.0625,-0.046875,0.8203125
0.0625,-0.046875,0.8203125
0.05859375,-0.05078125,0.8125
0.05859375,-0.05078125,0.8125
0.05859375,-0.05078125,0.8125
0.05859375,-0.05078125,0.8125
0.05859375,-0.05078125,0.8125
0.05859375,-0.05078125,0.8125
0.05859375,-0.05078125,0.8125
0.05859375,-0.05078125,0.8125
0.05859375,-0.05078125,0.8125
0.05859375,-0.05078125,0.8125
0.05859375,-0.05078125,0.8125
0.05859375,-0.05078125,0.8125
0.05859375,-0.05078125,0.8125
0.05859375,-0.05078125,0.8125
0.05859375,-0.05078125,0.8125
0.05859375,-0.05078125,0.8125
0.0546875,-0.046875,0.80078125
0.0546875,-0.046875,0.80078125
0.0546875,-0.046875,0.80078125
0.0546875,-0.046875,0.80078125
0.0546875,-0.046875,0.80078125
0.0546875,-0.046875,0.80078125
0.0546875,-0.046875,0.80078125
0.0546875,-0.046875,0.80078125
0.0546875,-0.046875,0.80078125
0.0546875,-0.046875,0.80078125
0.0546875,-0.046875,0.80078125
0.0546875,-0.046875,0.80078125
0.0546875,-0.046875,0.80078125
0.0546875,-0.046875,0.80078125
0.0546875,-0.046875,0.80078125
0.0546875,-0.046875,0.80078125
0.0546875,-0.046875,0.7890625
0.0546875,-0.046875,0.7890625
0.0546875,-0.046875,0.7890625
0.0546875,-0.046875,0.7890625
0.0546875,-0.046875,0.7890625
0.0546875,-0.046875,0.7890625
0.0546875,-0.046875,0.7890625
0.0546875,-0.046875,0.7890625
0.05078125,-0.04296875,0.796875
0.05078125,-0.04296875,0.796875
0.05078125,-0.04296875,0.796875
0.05078125,-0.04296875,0.796875
0.05078125,-0.04296875,0.796875
0.05078125,-0.04296875,0.796875
0.05078125,-0.04296875,0.796875
0.05078125,-0.04296875,0.796875
0.0546875,-0.046875,0.796875
0.0546875,-0.046875,0.796875
0.0546875,-0.046875,0.796875
0.0546875,-0.046875,0.796875
0.0546875,-0.046875,0.796875
0.0546875,-0.046875,0.796875
0.0546875,-0.046875,0.796875
0.0546875,-0.046875,0.796875
0.0546875,-0.046875,0.796875
0.0546875,-0.046875,0.796875
0.0546875,-0.046875,0.796875
0.0546875,-0.046875,0.796875
0.0546875,-0.046875,0.796875
0.0546875,-0.046875,0.796875
0.0546875,-0.046875,0.796875
0.0546875,-0.046875,0.796875
0.0546875,-0.046875,0.78125
0.0546875,-0.046875,0.78125
0.0546875,-0.046875,0.78125
0.0546875,-0.046875,0.78125
0.0546875,-0.046875,0.78125
0.0546875,-0.046875,0.78125
0.0546875,-0.046875,0.78125
0.0546875,-0.046875,0.78125
0.0546875,-0.046875,0.78125
0.0546875,-0.046875,0.78125
0.0546875,-0.046875,0.78125
0.0546875,-0.046875,0.78125
0.0546875,-0.046875,0.78125
0.0546875,-0.046875,0.78125
0.0546875,-0.046875,0.78125
0.0546875,-0.046875,0.78125
0.0546875,-0.046875,0.78125
0.0546875,-0.046875,0.78125
0.0546875,-0.046875,0.78125
0.0546875,-0.046875,0.78125
0.0546875,-0.046875,0.78125
0.0546875,-0.046875,0.78125
0.0546875,-0.046875,0.78125
0.0546875,-0.046875,0.78125
0.05859375,-0.04296875,0.7890625
0.05859375,-0.04296875,0.7890625
0.05859375,-0.04296875,0.7890625
0.05859375,-0.04296875,0.7890625
0.05859375,-0.04296875,0.7890625
0.05859375,-0.04296875,0.7890625
0.05859375,-0.04296875,0.7890625
0.05859375,-0.04296875,0.7890625
0.05859375,-0.046875,0.77734375
0.05859375,-0.046875,0.77734375
0.05859375,-0.046875,0.77734375
0.05859375,-0.046875,0.77734375
0.05859375,-0.046875,0.77734375
0.05859375,-0.046875,0.77734375
0.05859375,-0.046875,0.77734375
0.05859375,-0.046875,0.77734375
0.05859375,-0.046875,0.77734375
0.05859375,-0.046875,0.77734375
0.05859375,-0.046875,0.77734375
0.05859375,-0.046875,0.77734375
0.05859375,-0.046875,0.77734375
0.05859375,-0.046875,0.77734375
0.05859375,-0.046875,0.77734375
0.05859375,-0.046875,0.77734375
0.0625,-0.046875,0.77734375
0.0625,-0.046875,0.77734375
0.0625,-0.046875,0.77734375
0.0625,-0.046875,0.77734375
0.0625,-0.046875,0.77734375
0.0625,-0.046875,0.77734375
0.0625,-0.046875,0.77734375
0.0625,-0.046875,0.77734375
0.0625,-0.046875,0.77734375
0.0625,-0.046875,0.77734375
0.0625,-0.046875,0.77734375
0.0625,-0.046875,0.77734375
0.0625,-0.046875,0.77734375
0.0625,-0.046875,0.77734375
0.0625,-0.046875,0.77734375
0.0625,-0.046875,0.77734375
0.0625,-0.0390625,0.77734375
0.0625,-0.0390625,0.77734375
0.0625,-0.0390625,0.77734375
0.0625,-0.0390625,0.77734375
0.0625,-0.0390625,0.77734375
0.0625,-0.0390625,0.77734375
0.0625,-0.0390625,0.77734375
0.0625,-0.0390625,0.77734375
0.0625,-0.0390625,0.77734375
0.0625,-0.0390625,0.7734375
0.0625,-0.0390625,0.7734375
0.0625,-0.0390625,0.7734375
0.0625,-0.0390625,0.7734375
0.0625,-0.0390625,0.7734375
0.0625,-0.0390625,0.7734375
0.0625,-0.0390625,0.7734375
0.05859375,-0.04296875,0.76953125
0.05859375,-0.04296875,0.76953125
0.05859375,-0.04296875,0.76953125
0.05859375,-0.04296875,0.76953125
0.05859375,-0.04296875,0.76953125
0.05859375,-0.04296875,0.76953125
0.05859375,-0.04296875,0.76953125
0.05859375,-0.04296875,0.76953125
0.05859375,-0.04296875,0.76953125
0.05859375,-0.04296875,0.76953125
0.05859375,-0.04296875,0.76953125
0.05859375,-0.04296875,0.76953125
0.05859375,-0.04296875,0.76953125
0.05859375,-0.04296875,0.76953125
0.05859375,-0.04296875,0.76953125
0.05859375,-0.04296875,0.76953125
0.0625,-0.0546875,0.78515625
0.0625,-0.0546875,0.78515625
0.0625,-0.0546875,0.78515625
0.0625,-0.0546875,0.78515625
0.0625,-0.0546875,0.78515625
0.0625,-0.0546875,0.78515625
0.0625,-0.0546875,0.78515625
0.0625,-0.0546875,0.78515625
0.0625,-0.0546875,0.78515625
0.0625,-0.0546875,0.78515625
0.0625,-0.0546875,0.78515625
0.0625,-0.0546875,0.78515625
0.0625,-0.0546875,0.78515625
0.0625,-0.0546875,0.78515625
0.0625,-0.0546875,0.78515625
0.0625,-0.0546875,0.78515625
0.05859375,-0.0546875,0.796875
0.05859375,-0.0546875,0.796875
0.05859375,-0.0546875,0.796875
0.05859375,-0.0546875,0.796875
0.05859375,-0.0546875,0.796875
0.05859375,-0.0546875,0.796875
0.05859375,-0.0546875,0.796875
0.05859375,-0.0546875,0.796875
0.05859375,-0.0546875,0.796875
0.0625,-0.05859375,0.80859375
0.0625,-0.05859375,0.80859375
0.0625,-0.05859375,0.80859375
0.0625,-0.05859375,0.80859375
0.0625,-0.05859375,0.80859375
0.0625,-0.05859375,0.80859375
0.0625,-0.05859375,0.80859375
0.0546875,-0.0546875,0.8125
0.0546875,-0.0546875,0.8125
0.0546875,-0.0546875,0.8125
0.0546875,-0.0546875,0.8125
0.0546875,-0.0546875,0.8125
0.0546875,-0.0546875,0.8125
0.0546875,-0.0546875,0.8125
0.0546875,-0.0546875,0.8125
0.0546875,-0.0546875,0.8125
0.0546875,-0.0546875,0.8125
0.0546875,-0.0546875,0.8125
0.0546875,-0.0546875,0.8125
0.0546875,-0.0546875,0.8125
0.0546875,-0.0546875,0.8125
0.0546875,-0.0546875,0.8125
0.0546875,-0.0546875,0.8125
0.05859375,-0.04296875,0.8046875
0.0546875,-0.05859375,0.8125
0.0546875,-0.05859375,0.8125
0.0546875,-0.05859375,0.8125
0.0546875,-0.05859375,0.8125
0.0546875,-0.05859375,0.8125
0.0546875,-0.05859375,0.8125
0.0546875,-0.05859375,0.8125
0.0546875,-0.05859375,0.8125
0.0546875,-0.05859375,0.8125
0.0546875,-0.05859375,0.8125
0.0546875,-0.05859375,0.8125
0.0546875,-0.05859375,0.8125
0.0546875,-0.05859375,0.8125
0.0546875,-0.05859375,0.8125
0.0546875,-0.05859375,0.8125
0.05859375,-0.0546875,0.8203125
0.05859375,-0.0546875,0.8203125
0.05859375,-0.0546875,0.8203125
0.05859375,-0.0546875,0.8203125
0.05859375,-0.0546875,0.8203125
0.05859375,-0.0546875,0.8203125
0.05859375,-0.0546875,0.8203125
0.05859375,-0.0546875,0.8203125
0.05859375,-0.0546875,0.8203125
0.0625,-0.046875,0.8203125
0.0625,-0.046875,0.8203125
0.0625,-0.046875,0.8203125
0.0625,-0.046875,0.8203125
0.0625,-0.046875,0.8203125
0.0625,-0.046875,0.8203125
0.0625,-0.046875,0.8203125
0.05859375,-0.05859375,0.8203125
0.05859375,-0.05859375,0.8203125
0.05859375,-0.05859375,0.8203125
0.05859375,-0.05859375,0.8203125
0.05859375,-0.05859375,0.8203125
0.05859375,-0.05859375,0.8203125
0.05859375,-0.05859375,0.8203125
0.05859375,-0.05859375,0.8203125
0.05859375,-0.05859375,0.8203125
0.05859375,-0.05859375,0.8203125
0.05859375,-0.05859375,0.8203125
0.05859375,-0.05859375,0.8203125
0.05859375,-0.05859375,0.8203125
0.05859375,-0.05859375,0.8203125
0.05859375,-0.05859375,0.8203125
0.05859375,-0.05859375,0.8203125
0.0625,-0.05859375,0.8203125
0.05859375,-0.05078125,0.80859375
0.05859375,-0.05078125,0.80859375
0.05859375,-0.05078125,0.80859375
0.05859375,-0.05078125,0.80859375
0.05859375,-0.05078125,0.80859375
0.05859375,-0.05078125,0.80859375
0.05859375,-0.05078125,0.80859375
0.05859375,-0.05078125,0.80859375
0.05859375,-0.05078125,0.80859375
0.05859375,-0.05078125,0.80859375
0.05859375,-0.05078125,0.80859375
0.05859375,-0.05078125,0.80859375
0.05859375,-0.05078125,0.80859375
0.05859375,-0.05078125,0.80859375
0.05859375,-0.05078125,0.80859375
0.05859375,-0.046875,0.80078125
0.05859375,-0.046875,0.80078125
0.05859375,-0.046875,0.80078125
0.05859375,-0.046875,0.80078125
0.05859375,-0.046875,0.80078125
0.05859375,-0.046875,0.80078125
0.05859375,-0.046875,0.80078125
0.05859375,-0.046875,0.80078125
0.05859375,-0.046875,0.80078125
0.05859375,-0.046875,0.80078125
0.05859375,-0.046875,0.80078125
0.05859375,-0.046875,0.80078125
0.05859375,-0.046875,0.80078125
0.05859375,-0.046875,0.80078125
0.05859375,-0.046875,0.80078125
0.05859375,-0.046875,0.80078125
0.05859375,-0.05078125,0.80078125
0.05859375,-0.05078125,0.80078125
0.05859375,-0.05078125,0.80078125
0.05859375,-0.05078125,0.80078125
0.05859375,-0.05078125,0.80078125
0.05859375,-0.05078125,0.80078125
0.05859375,-0.05078125,0.80078125
0.05859375,-0.05078125,0.80078125
0.05859375,-0.05078125,0.80078125
0.05859375,-0.05078125,0.80078125
0.05859375,-0.05078125,0.80078125
0.05859375,-0.05078125,0.80078125
0.05859375,-0.05078125,0.80078125
0.05859375,-0.05078125,0.80078125
0.05859375,-0.05078125,0.80078125
0.05859375,-0.05078125,0.80078125
0.0625,-0.0390625,0.796875
0.0546875,-0.046875,0.7890625
0.0546875,-0.046875,0.7890625
0.0546875,-0.046875,0.7890625
0.0546875,-0.046875,0.7890625
0.0546875,-0.046875,0.7890625
0.0546875,-0.046875,0.7890625
0.0546875,-0.046875,0.7890625
0.0546875,-0.046875,0.7890625
0.0546875,-0.046875,0.7890625
0.0546875,-0.046875,0.7890625
0.0546875,-0.046875,0.7890625
0.0546875,-0.046875,0.7890625
0.0546875,-0.046875,0.7890625
0.0546875,-0.046875,0.7890625
0.0546875,-0.046875,0.7890625
0.0546875,-0.046875,0.78515625
0.0546875,-0.046875,0.78515625
0.0546875,-0.046875,0.78515625
0.0546875,-0.046875,0.78515625
0.0546875,-0.046875,0.78515625
0.0546875,-0.046875,0.78515625
0.0546875,-0.046875,0.78515625
0.0546875,-0.046875,0.78515625
0.0546875,-0.046875,0.78515625
0.0546875,-0.046875,0.78515625
0.05859375,-0.05078125,0.77734375
0.05859375,-0.05078125,0.77734375
0.05859375,-0.05078125,0.77734375
0.05859375,-0.05078125,0.77734375
0.05859375,-0.05078125,0.77734375
0.05859375,-0.05078125,0.77734375
0.05859375,-0.0390625,0.7734375
0.05859375,-0.0390625,0.7734375
0.05859375,-0.0390625,0.7734375
0.05859375,-0.0390625,0.7734375
0.05859375,-0.0390625,0.7734375
0.05859375,-0.0390625,0.7734375
0.05859375,-0.0390625,0.7734375
0.05859375,-0.0390625,0.7734375
0.05859375,-0.0390625,0.7734375
0.05859375,-0.0390625,0.7734375
0.05859375,-0.0390625,0.7734375
0.05859375,-0.0390625,0.7734375
0.05859375,-0.0390625,0.7734375
0.05859375,-0.0390625,0.7734375
0.05859375,-0.0390625,0.7734375
0.05859375,-0.0390625,0.7734375
0.05859375,-0.0390625,0.78125
0.05859375,-0.0390625,0.78125
0.0625,-0.0390625,0.78125
0.0625,-0.0390625,0.78125
0.0625,-0.0390625,0.78125
0.0625,-0.0390625,0.78125
0.0625,-0.0390625,0.78125
0.0625,-0.0390625,0.78125
0.0625,-0.0390625,0.78125
0.0625,-0.0390625,0.78125
0.0625,-0.0390625,0.78125
0.0625,-0.0390625,0.78125
0.0625,-0.0390625,0.78125
0.0625,-0.0390625,0.78125
0.0625,-0.0390625,0.78125
0.0625,-0.0390625,0.78125
0.0546875,-0.0390625,0.76953125
0.0546875,-0.0390625,0.76953125
0.0546875,-0.0390625,0.76953125
0.0546875,-0.0390625,0.76953125
0.0546875,-0.0390625,0.76953125
0.0546875,-0.0390625,0.76953125
0.0546875,-0.0390625,0.76953125
0.0546875,-0.0390625,0.76953125
0.0546875,-0.0390625,0.76953125
0.0546875,-0.0390625,0.76953125
0.0546875,-0.0390625,0.76953125
0.05859375,-0.04296875,0.77734375
0.05859375,-0.04296875,0.77734375
0.05859375,-0.04296875,0.77734375
0.05859375,-0.04296875,0.77734375
0.05859375,-0.04296875,0.77734375
0.0625,-0.0390625,0.765625
0.0625,-0.0390625,0.765625
0.0625,-0.0390625,0.765625
0.0625,-0.0390625,0.765625
0.0625,-0.0390625,0.765625
0.0625,-0.0390625,0.765625
0.0625,-0.0390625,0.765625
0.0625,-0.0390625,0.765625
0.0625,-0.0390625,0.765625
0.0625,-0.0390625,0.765625
0.0625,-0.0390625,0.765625
0.0625,-0.0390625,0.765625
0.0625,-0.0390625,0.765625
0.0625,-0.0390625,0.765625
0.0625,-0.0390625,0.765625
0.0625,-0.0390625,0.765625
0.05859375,-0.04296875,0.77734375
0.05859375,-0.04296875,0.77734375
0.06640625,-0.05078125,0.77734375
0.06640625,-0.05078125,0.77734375
0.06640625,-0.05078125,0.77734375
0.06640625,-0.05078125,0.77734375
0.06640625,-0.05078125,0.77734375
0.06640625,-0.05078125,0.77734375
0.06640625,-0.05078125,0.77734375
0.06640625,-0.05078125,0.77734375
0.06640625,-0.05078125,0.77734375
0.06640625,-0.05078125,0.77734375
0.06640625,-0.05078125,0.77734375
0.06640625,-0.05078125,0.77734375
0.06640625,-0.05078125,0.77734375
0.06640625,-0.05078125,0.77734375
0.05859375,-0.04296875,0.7734375
0.05859375,-0.04296875,0.7734375
0.05859375,-0.04296875,0.7734375
0.05859375,-0.04296875,0.7734375
0.05859375,-0.04296875,0.7734375
0.05859375,-0.04296875,0.7734375
0.05859375,-0.04296875,0.7734375
0.05859375,-0.04296875,0.7734375
0.05859375,-0.04296875,0.7734375
0.05859375,-0.04296875,0.7734375
0.05859375,-0.04296875,0.7734375
0.06640625,-0.05078125,0.79296875
0.06640625,-0.05078125,0.79296875
0.06640625,-0.05078125,0.79296875
0.06640625,-0.05078125,0.79296875
0.06640625,-0.05078125,0.79296875
0.0546875,-0.05078125,0.796875
0.0546875,-0.05078125,0.796875
0.0546875,-0.05078125,0.796875
0.0546875,-0.05078125,0.796875
0.0546875,-0.05078125,0.796875
0.0546875,-0.05078125,0.796875
0.0546875,-0.05078125,0.796875
0.0546875,-0.05078125,0.796875
0.0546875,-0.05078125,0.796875
0.0546875,-0.05078125,0.796875
0.0546875,-0.05078125,0.796875
0.0546875,-0.05078125,0.796875
0.0546875,-0.05078125,0.796875
0.0546875,-0.05078125,0.796875
0.0546875,-0.05078125,0.796875
0.0546875,-0.05078125,0.796875
0.0625,-0.046875,0.8046875
0.0625,-0.046875,0.8046875
0.0625,-0.046875,0.8046875
0.0625,-0.0546875,0.8125
0.0625,-0.0546875,0.8125
0.0625,-0.0546875,0.8125
0.0625,-0.0546875,0.8125
0.0625,-0.0546875,0.8125
0.0625,-0.0546875,0.8125
0.0625,-0.0546875,0.8125
0.0625,-0.0546875,0.8125
0.0625,-0.0546875,0.8125
0.0625,-0.0546875,0.8125
0.0625,-0.0546875,0.8125
0.0625,-0.0546875,0.8125
0.0625,-0.0546875,0.8125
0.05859375,-0.05859375,0.81640625
0.05859375,-0.05859375,0.81640625
0.05859375,-0.05859375,0.81640625
0.05859375,-0.05859375,0.81640625
0.05859375,-0.05859375,0.81640625
0.05859375,-0.05859375,0.81640625
0.05859375,-0.05859375,0.81640625
0.05859375,-0.05859375,0.81640625
0.05859375,-0.05859375,0.81640625
0.05859375,-0.05859375,0.81640625
0.05859375,-0.05859375,0.81640625
0.05859375,-0.05859375,0.81640625
0.0546875,-0.05078125,0.82421875
0.0546875,-0.05078125,0.82421875
0.0546875,-0.05078125,0.82421875
0.0546875,-0.05078125,0.82421875
0.05859375,-0.0546875,0.8359375
0.05859375,-0.0546875,0.8359375
0.05859375,-0.0546875,0.8359375
0.05859375,-0.0546875,0.8359375
0.05859375,-0.0546875,0.8359375
0.05859375,-0.0546875,0.8359375
0.05859375,-0.0546875,0.8359375
0.05859375,-0.0546875,0.8359375
0.05859375,-0.0546875,0.8359375
0.05859375,-0.0546875,0.8359375
0.05859375,-0.0546875,0.8359375
0.05859375,-0.0546875,0.8359375
0.05859375,-0.0546875,0.8359375
0.05859375,-0.0546875,0.8359375
0.05859375,-0.0546875,0.8359375
0.05859375,-0.0546875,0.8359375
0.0625,-0.05078125,0.8203125
0.0625,-0.05078125,0.8203125
0.0625,-0.05078125,0.8203125
0.05078125,-0.0546875,0.828125
0.05078125,-0.0546875,0.828125
0.05078125,-0.0546875,0.828125
0.05078125,-0.0546875,0.828125
0.05078125,-0.0546875,0.828125
0.05078125,-0.0546875,0.828125
0.05078125,-0.0546875,0.828125
0.05078125,-0.0546875,0.828125
0.05078125,-0.0546875,0.828125
0.05078125,-0.0546875,0.828125
0.05078125,-0.0546875,0.828125
0.05078125,-0.0546875,0.828125
0.05078125,-0.0546875,0.828125
0.05859375,-0.05078125,0.81640625
0.05859375,-0.05078125,0.81640625
0.05859375,-0.05078125,0.81640625
0.05859375,-0.05078125,0.81640625
0.05859375,-0.05078125,0.81640625
0.05859375,-0.05078125,0.81640625
0.05859375,-0.05078125,0.81640625
0.05859375,-0.05078125,0.81640625
0.05859375,-0.05078125,0.81640625
0.05859375,-0.05078125,0.81640625
0.05859375,-0.05078125,0.81640625
0.05859375,-0.05078125,0.81640625
0.0625,-0.04296875,0.81640625
0.0625,-0.04296875,0.81640625
0.0625,-0.04296875,0.81640625
0.0625,-0.04296875,0.81640625
0.0625,-0.05078125,0.796875
0.0625,-0.05078125,0.796875
0.0625,-0.05078125,0.796875
0.0625,-0.05078125,0.796875
0.0625,-0.05078125,0.796875
0.0625,-0.05078125,0.796875
0.0625,-0.05078125,0.796875
0.0625,-0.05078125,0.796875
0.0625,-0.05078125,0.796875
0.0625,-0.05078125,0.796875
0.0625,-0.05078125,0.796875
0.0625,-0.05078125,0.796875
0.0625,-0.05078125,0.796875
0.0625,-0.05078125,0.796875
0.0625,-0.05078125,0.796875
0.0625,-0.05078125,0.796875
0.05859375,-0.05078125,0.796875
0.05859375,-0.05078125,0.796875
0.05859375,-0.05078125,0.796875
0.05859375,-0.05078125,0.796875
0.0546875,-0.05078125,0.7890625
0.0546875,-0.05078125,0.7890625
0.0546875,-0.05078125,0.7890625
0.0546875,-0.05078125,0.7890625
0.0546875,-0.05078125,0.7890625
0.0546875,-0.05078125,0.7890625
0.0546875,-0.05078125,0.7890625
0.0546875,-0.05078125,0.7890625
0.0546875,-0.05078125,0.7890625
0.0546875,-0.05078125,0.7890625
0.0546875,-0.05078125,0.7890625
0.0546875,-0.05078125,0.7890625
0.0625,-0.046875,0.78515625
0.0625,-0.046875,0.78515625
0.0625,-0.046875,0.78515625
0.0625,-0.046875,0.78515625
0.0625,-0.046875,0.78515625
0.0625,-0.046875,0.78515625
0.0625,-0.046875,0.78515625
0.0625,-0.046875,0.78515625
0.0625,-0.046875,0.78515625
0.0625,-0.046875,0.78515625
0.0625,-0.046875,0.78515625
0.0625,-0.046875,0.78515625
0.0546875,-0.03515625,0.78515625
0.0546875,-0.03515625,0.78515625
0.0546875,-0.03515625,0.78515625
0.0546875,-0.03515625,0.78515625
0.05859375,-0.04296875,0.77734375
0.05859375,-0.04296875,0.77734375
0.05859375,-0.04296875,0.77734375
0.05859375,-0.04296875,0.77734375
0.05859375,-0.04296875,0.77734375
0.05859375,-0.04296875,0.77734375
0.05859375,-0.04296875,0.77734375
0.05859375,-0.04296875,0.77734375
0.05859375,-0.04296875,0.77734375
0.05859375,-0.04296875,0.77734375
0.05859375,-0.04296875,0.77734375
0.05859375,-0.04296875,0.77734375
0.05859375,-0.04296875,0.77734375
0.05859375,-0.04296875,0.77734375
0.05859375,-0.04296875,0.77734375
0.05859375,-0.04296875,0.77734375
0.0546875,-0.05078125,0.7890625
0.0546875,-0.05078125,0.7890625
0.0546875,-0.05078125,0.7890625
0.0546875,-0.05078125,0.7890625
0.0546875,-0.03515625,0.78125
0.0546875,-0.03515625,0.78125
0.0546875,-0.03515625,0.78125
0.0546875,-0.03515625,0.78125
0.0546875,-0.03515625,0.78125
0.0546875,-0.03515625,0.78125
0.0546875,-0.03515625,0.78125
0.0546875,-0.03515625,0.78125
0.0546875,-0.03515625,0.78125
0.0546875,-0.03515625,0.78125
0.0546875,-0.03515625,0.78125
0.0546875,-0.03515625,0.78125
0.0546875,-0.0390625,0.77734375
0.0546875,-0.0390625,0.77734375
0.0546875,-0.0390625,0.77734375
0.0546875,-0.0390625,0.77734375
0.0546875,-0.0390625,0.77734375
0.0546875,-0.0390625,0.77734375
0.0546875,-0.0390625,0.77734375
0.0546875,-0.0390625,0.77734375
0.0546875,-0.0390625,0.77734375
0.05859375,-0.03515625,0.77734375
0.05859375,-0.03515625,0.77734375
0.05859375,-0.03515625,0.77734375
0.05859375,-0.03515625,0.77734375
0.05859375,-0.03515625,0.77734375
0.05859375,-0.03515625,0.77734375
0.05859375,-0.03515625,0.77734375
0.0625,-0.04296875,0.76953125
0.0625,-0.04296875,0.76953125
0.0625,-0.04296875,0.76953125
0.0625,-0.04296875,0.76953125
0.0625,-0.04296875,0.76953125
0.0625,-0.04296875,0.76953125
0.0625,-0.04296875,0.76953125
0.0625,-0.04296875,0.76953125
0.0625,-0.04296875,0.76953125
0.0625,-0.04296875,0.76953125
0.0625,-0.04296875,0.76953125
0.0625,-0.04296875,0.76953125
0.0625,-0.04296875,0.76953125
0.0625,-0.04296875,0.76953125
0.0625,-0.04296875,0.76953125
0.0625,-0.04296875,0.76953125
0.05859375,-0.03515625,0.7734375
0.05859375,-0.03515625,0.7734375
0.05859375,-0.03515625,0.7734375
0.05859375,-0.03515625,0.7734375
0.0625,-0.0390625,0.77734375
0.0625,-0.0390625,0.77734375
0.0625,-0.0390625,0.77734375
0.0625,-0.0390625,0.77734375
0.0625,-0.0390625,0.77734375
0.0625,-0.0390625,0.77734375
0.0625,-0.0390625,0.77734375
0.0625,-0.0390625,0.77734375
0.0625,-0.0390625,0.77734375
0.0625,-0.0390625,0.77734375
0.0625,-0.0390625,0.77734375
0.0625,-0.0390625,0.77734375
0.0625,-0.04296875,0.7734375
0.0625,-0.04296875,0.7734375
0.0625,-0.04296875,0.7734375
0.0625,-0.04296875,0.7734375
0.0625,-0.04296875,0.7734375
0.0625,-0.04296875,0.7734375
0.0625,-0.04296875,0.7734375
0.0625,-0.04296875,0.7734375
0.0625,-0.04296875,0.7734375
0.0625,-0.04296875,0.7734375
0.0625,-0.04296875,0.7734375
0.0625,-0.04296875,0.7734375
0.0625,-0.04296875,0.7734375
0.0625,-0.0390625,0.78125
0.0625,-0.0390625,0.78125
0.0625,-0.0390625,0.78125
0.0625,-0.046875,0.7890625
0.0625,-0.046875,0.7890625
0.0625,-0.046875,0.7890625
0.0625,-0.046875,0.7890625
0.0625,-0.046875,0.7890625
0.0625,-0.046875,0.7890625
0.0625,-0.046875,0.7890625
0.0625,-0.046875,0.7890625
0.0625,-0.046875,0.7890625
0.0625,-0.046875,0.7890625
0.0625,-0.046875,0.7890625
0.0625,-0.046875,0.7890625
0.0625,-0.046875,0.7890625
0.0625,-0.046875,0.7890625
0.0625,-0.046875,0.7890625
0.0625,-0.046875,0.7890625
0.0625,-0.046875,0.7890625
0.0625,-0.046875,0.7890625
0.0625,-0.046875,0.7890625
0.0625,-0.046875,0.7890625
0.0625,-0.046875,0.7890625
0.05078125,-0.05859375,0.80078125
0.05078125,-0.05859375,0.80078125
0.05078125,-0.05859375,0.80078125
0.05078125,-0.05859375,0.80078125
0.05078125,-0.05859375,0.80078125
0.05078125,-0.05859375,0.80078125
0.05078125,-0.05859375,0.80078125
0.05078125,-0.05859375,0.80078125
0.05078125,-0.05859375,0.80078125
0.05078125,-0.05859375,0.80078125
0.05078125,-0.05859375,0.80078125
0.05859375,-0.05078125,0.80078125
0.05859375,-0.05078125,0.80078125
0.05859375,-0.05078125,0.80078125
0.05859375,-0.05078125,0.80078125
0.05859375,-0.05078125,0.80078125
0.05859375,-0.05078125,0.80078125
0.05859375,-0.05078125,0.80078125
0.05859375,-0.05078125,0.80078125
0.05859375,-0.05078125,0.80078125
0.05859375,-0.05078125,0.80078125
0.05859375,-0.05078125,0.80078125
0.05859375,-0.05078125,0.80078125
0.05859375,-0.05078125,0.80078125
0.05859375,-0.046875,0.81640625
0.05859375,-0.046875,0.81640625
0.05859375,-0.046875,0.81640625
0.06640625,-0.05859375,0.8203125
0.06640625,-0.05859375,0.8203125
0.06640625,-0.05859375,0.8203125
0.06640625,-0.05859375,0.8203125
0.06640625,-0.05859375,0.8203125
0.06640625,-0.05859375,0.8203125
0.06640625,-0.05859375,0.8203125
0.06640625,-0.05859375,0.8203125
0.06640625,-0.05859375,0.8203125
0.06640625,-0.05859375,0.8203125
0.06640625,-0.05859375,0.8203125
0.06640625,-0.05859375,0.8203125
0.06640625,-0.05859375,0.8203125
0.06640625,-0.05859375,0.8203125
0.06640625,-0.05859375,0.8203125
0.06640625,-0.05859375,0.8203125
0.0546875,-0.046875,0.8203125
0.0546875,-0.046875,0.8203125
0.0546875,-0.046875,0.8203125
0.0546875,-0.046875,0.8203125
0.0546875,-0.046875,0.8203125
0.05859375,-0.0546875,0.828125
0.05859375,-0.0546875,0.828125
0.05859375,-0.0546875,0.828125
0.05859375,-0.0546875,0.828125
0.05859375,-0.0546875,0.828125
0.05859375,-0.0546875,0.828125
0.05859375,-0.0546875,0.828125
0.05859375,-0.0546875,0.828125
0.05859375,-0.0546875,0.828125
0.05859375,-0.0546875,0.828125
0.05859375,-0.0546875,0.828125
0.05859375,-0.05078125,0.8125
0.05859375,-0.05078125,0.8125
0.05859375,-0.05078125,0.8125
0.05859375,-0.05078125,0.8125
0.05859375,-0.05078125,0.8125
0.05859375,-0.05078125,0.8125
0.05859375,-0.05078125,0.8125
0.05859375,-0.05078125,0.8125
0.05859375,-0.05078125,0.8125
0.05859375,-0.05078125,0.8125
0.05859375,-0.05078125,0.8125
0.05859375,-0.05078125,0.8125
0.05859375,-0.05078125,0.8125
0.05859375,-0.05078125,0.8125
0.05859375,-0.04296875,0.81640625
0.05859375,-0.04296875,0.81640625
0.05859375,-0.0546875,0.8125
0.05859375,-0.0546875,0.8125
0.05859375,-0.0546875,0.8125
0.05859375,-0.0546875,0.8125
0.05859375,-0.0546875,0.8125
0.05859375,-0.0546875,0.8125
0.05859375,-0.0546875,0.8125
0.05859375,-0.0546875,0.8125
0.05859375,-0.0546875,0.8125
0.05859375,-0.0546875,0.8125
0.05859375,-0.0546875,0.8125
0.05859375,-0.0546875,0.8125
0.05859375,-0.0546875,0.8125
0.05859375,-0.0546875,0.8125
0.05859375,-0.0546875,0.8125
0.05859375,-0.0546875,0.8125
0.0625,-0.05859375,0.8125
0.0625,-0.05859375,0.8125
0.0625,-0.05859375,0.8125
0.0625,-0.05859375,0.8125
0.0625,-0.05859375,0.8125
0.05859375,-0.0546875,0.796875
0.05859375,-0.0546875,0.796875
0.05859375,-0.0546875,0.796875
0.05859375,-0.0546875,0.796875
0.05859375,-0.0546875,0.796875
0.05859375,-0.0546875,0.796875
0.05859375,-0.0546875,0.796875
0.05859375,-0.0546875,0.796875
0.05859375,-0.0546875,0.796875
0.05859375,-0.0546875,0.796875
0.05859375,-0.0546875,0.796875
0.05859375,-0.05078125,0.80078125
0.05859375,-0.05078125,0.80078125
0.05859375,-0.05078125,0.80078125
0.05859375,-0.05078125,0.80078125
0.05859375,-0.05078125,0.80078125
0.05859375,-0.05078125,0.80078125
0.05859375,-0.05078125,0.80078125
0.05859375,-0.05078125,0.80078125
0.05859375,-0.05078125,0.80078125
0.05859375,-0.05078125,0.80078125
0.05859375,-0.05078125,0.80078125
0.05859375,-0.05078125,0.80078125
0.05859375,-0.05078125,0.80078125
0.05859375,-0.05078125,0.80078125
0.0546875,-0.0390625,0.7890625
0.0546875,-0.0390625,0.7890625
0.05859375,-0.04296875,0.78515625
0.05859375,-0.04296875,0.78515625
0.05859375,-0.04296875,0.78515625
0.05859375,-0.04296875,0.78515625
0.05859375,-0.04296875,0.78515625
0.05859375,-0.04296875,0.78515625
0.05859375,-0.04296875,0.78515625
0.05859375,-0.04296875,0.78515625
0.05859375,-0.04296875,0.78515625
0.05859375,-0.04296875,0.78515625
0.05859375,-0.04296875,0.78515625
0.05859375,-0.04296875,0.78515625
0.05859375,-0.04296875,0.78515625
0.05859375,-0.04296875,0.78515625
0.05859375,-0.04296875,0.78515625
0.05859375,-0.04296875,0.78515625
0.0546875,-0.046875,0.7890625
0.0546875,-0.046875,0.7890625
0.0546875,-0.046875,0.7890625
0.0546875,-0.046875,0.7890625
0.0546875,-0.046875,0.7890625
0.0546875,-0.046875,0.7890625
0.0546875,-0.04296875,0.76953125
0.0546875,-0.04296875,0.76953125
0.0546875,-0.04296875,0.76953125
0.0546875,-0.04296875,0.76953125
0.0546875,-0.04296875,0.76953125
0.0546875,-0.04296875,0.76953125
0.0546875,-0.04296875,0.76953125
0.0546875,-0.04296875,0.76953125
0.0546875,-0.04296875,0.76953125
0.0546875,-0.04296875,0.76953125
0.0546875,-0.046875,0.7890625
0.0546875,-0.046875,0.7890625
0.0546875,-0.046875,0.7890625
0.0546875,-0.046875,0.7890625
0.0546875,-0.046875,0.7890625
0.0546875,-0.046875,0.7890625
0.0546875,-0.046875,0.7890625
0.0546875,-0.046875,0.7890625
0.0546875,-0.046875,0.7890625
0.0546875,-0.046875,0.7890625
0.0546875,-0.046875,0.7890625
0.0546875,-0.046875,0.7890625
0.0546875,-0.046875,0.7890625
0.0546875,-0.046875,0.7890625
0.05859375,-0.04296875,0.77734375
0.05859375,-0.04296875,0.77734375
0.05859375,-0.046875,0.78125
0.05859375,-0.046875,0.78125
0.05859375,-0.046875,0.78125
0.05859375,-0.046875,0.78125
0.05859375,-0.046875,0.78125
0.05859375,-0.046875,0.78125
0.05859375,-0.046875,0.78125
0.05859375,-0.046875,0.78125
0.05859375,-0.046875,0.78125
0.05859375,-0.046875,0.78125
0.05859375,-0.046875,0.78125
0.05859375,-0.046875,0.78125
0.05859375,-0.046875,0.78125
0.05859375,-0.046875,0.78125
0.05859375,-0.046875,0.78125
0.05859375,-0.046875,0.78125
0.0625,-0.04296875,0.77734375
0.0625,-0.04296875,0.77734375
0.0625,-0.04296875,0.77734375
0.0625,-0.04296875,0.77734375
0.0625,-0.04296875,0.77734375
0.0625,-0.04296875,0.77734375
0.05859375,-0.03125,0.77734375
0.05859375,-0.03125,0.77734375
0.05859375,-0.03125,0.77734375
0.05859375,-0.03125,0.77734375
0.05859375,-0.03125,0.77734375
0.05859375,-0.03125,0.77734375
0.05859375,-0.03125,0.77734375
0.05859375,-0.03125,0.77734375
0.05859375,-0.03125,0.77734375
0.05859375,-0.03125,0.77734375
0.0625,-0.0390625,0.77734375
0.0625,-0.0390625,0.77734375
0.0625,-0.0390625,0.77734375
0.0625,-0.0390625,0.77734375
0.0625,-0.0390625,0.77734375
0.0625,-0.0390625,0.77734375
0.0625,-0.0390625,0.77734375
0.0625,-0.0390625,0.77734375
0.0625,-0.0390625,0.77734375
0.0625,-0.0390625,0.77734375
0.0625,-0.0390625,0.77734375
0.0625,-0.0390625,0.77734375
0.0625,-0.0390625,0.77734375
0.0625,-0.0390625,0.77734375
0.0625,-0.0390625,0.77734375
0.0625,-0.0390625,0.77734375
0.05859375,-0.05078125,0.78125
0.05859375,-0.05078125,0.78125
0.05859375,-0.05078125,0.78125
0.05859375,-0.05078125,0.78125
0.05859375,-0.05078125,0.78125
0.05859375,-0.05078125,0.78125
0.05859375,-0.05078125,0.78125
0.05859375,-0.05078125,0.78125
0.05859375,-0.05078125,0.78125
0.05859375,-0.05078125,0.78125
0.05859375,-0.05078125,0.78125
0.05859375,-0.05078125,0.78125
0.05859375,-0.05078125,0.78125
0.05859375,-0.05078125,0.78125
0.05859375,-0.05078125,0.78125
0.05859375,-0.05078125,0.78125
0.0546875,-0.046875,0.78515625
0.0546875,-0.046875,0.78515625
0.0546875,-0.046875,0.78515625
0.0546875,-0.046875,0.78515625
0.0546875,-0.046875,0.78515625
0.0546875,-0.046875,0.78515625
0.0625,-0.046875,0.78125
0.0625,-0.046875,0.78125
0.0625,-0.046875,0.78125
0.0625,-0.046875,0.78125
0.0625,-0.046875,0.78125
0.0625,-0.046875,0.78125
0.0625,-0.046875,0.78125
0.0625,-0.046875,0.78125
0.0625,-0.046875,0.78125
0.0625,-0.046875,0.78125
0.05859375,-0.05078125,0.79296875
0.05859375,-0.05078125,0.79296875
0.05859375,-0.05078125,0.79296875
0.05859375,-0.05078125,0.79296875
0.05859375,-0.05078125,0.79296875
0.05859375,-0.05078125,0.79296875
0.05859375,-0.05078125,0.79296875
0.05859375,-0.05078125,0.79296875
0.05859375,-0.05078125,0.79296875
0.05859375,-0.05078125,0.79296875
0.05859375,-0.05078125,0.79296875
0.05859375,-0.05078125,0.79296875
0.05859375,-0.05078125,0.79296875
0.05859375,-0.05078125,0.79296875
0.05859375,-0.05078125,0.79296875
0.0625,-0.05078125,0.80859375
0.05859375,-0.05859375,0.8125
0.05859375,-0.05859375,0.8125
0.05859375,-0.05859375,0.8125
0.05859375,-0.05859375,0.8125
0.05859375,-0.05859375,0.8125
0.05859375,-0.05859375,0.8125
0.05859375,-0.05859375,0.8125
0.05859375,-0.05859375,0.8125
0.05859375,-0.05859375,0.8125
0.05859375,-0.05859375,0.8125
0.05859375,-0.05859375,0.8125
0.05859375,-0.05859375,0.8125
0.05859375,-0.05859375,0.8125
0.05859375,-0.05859375,0.8125
0.05859375,-0.05859375,0.8125
0.05859375,-0.05859375,0.8125
0.05859375,-0.05078125,0.80859375
0.05859375,-0.05078125,0.80859375
0.05859375,-0.05078125,0.80859375
0.05859375,-0.05078125,0.80859375
0.05859375,-0.05078125,0.80859375
0.05859375,-0.05078125,0.80859375
0.05859375,-0.05078125,0.80859375
0.05859375,-0.0625,0.83203125
0.05859375,-0.0625,0.83203125
0.05859375,-0.0625,0.83203125
0.05859375,-0.0625,0.83203125
0.05859375,-0.0625,0.83203125
0.05859375,-0.0625,0.83203125
0.05859375,-0.0625,0.83203125
0.05859375,-0.0625,0.83203125
0.05859375,-0.0625,0.83203125
0.05859375,-0.0546875,0.83203125
0.05859375,-0.0546875,0.83203125
0.05859375,-0.0546875,0.83203125
0.05859375,-0.0546875,0.83203125
0.05859375,-0.0546875,0.83203125
0.05859375,-0.0546875,0.83203125
0.05859375,-0.0546875,0.83203125
0.05859375,-0.0546875,0.83203125
0.05859375,-0.0546875,0.83203125
0.05859375,-0.0546875,0.83203125
0.05859375,-0.0546875,0.83203125
0.05859375,-0.0546875,0.83203125
0.05859375,-0.0546875,0.83203125
0.05859375,-0.0546875,0.83203125
0.05859375,-0.0546875,0.83203125
0.05859375,-0.0546875,0.83203125
0.05859375,-0.05859375,0.8203125
0.05859375,-0.05859375,0.8203125
0.05859375,-0.05859375,0.8203125
0.05859375,-0.05859375,0.8203125
0.05859375,-0.05859375,0.8203125
0.05859375,-0.05859375,0.8203125
0.05859375,-0.05859375,0.8203125
0.05859375,-0.05859375,0.8203125
0.05859375,-0.05859375,0.8203125
0.05859375,-0.05859375,0.8203125
0.05859375,-0.05859375,0.8203125
0.05859375,-0.05859375,0.8203125
0.05859375,-0.05859375,0.8203125
0.05859375,-0.05859375,0.8203125
0.05859375,-0.05859375,0.8203125
0.05859375,-0.05859375,0.8203125
0.05859375,-0.0546875,0.8203125
0.05859375,-0.0546875,0.8203125
0.05859375,-0.0546875,0.8203125
0.05859375,-0.0546875,0.8203125
0.05859375,-0.0546875,0.8203125
0.05859375,-0.0546875,0.8203125
0.05859375,-0.0546875,0.8203125
0.05859375,-0.04296875,0.8046875
0.05859375,-0.04296875,0.8046875
0.05859375,-0.04296875,0.8046875
0.05859375,-0.04296875,0.8046875
0.05859375,-0.04296875,0.8046875
0.05859375,-0.04296875,0.8046875
0.05859375,-0.04296875,0.8046875
0.05859375,-0.04296875,0.8046875
0.05859375,-0.04296875,0.8046875
0.05859375,-0.0546875,0.8046875
0.05859375,-0.0546875,0.8046875
0.05859375,-0.0546875,0.8046875
0.05859375,-0.0546875,0.8046875
0.05859375,-0.0546875,0.8046875
0.05859375,-0.0546875,0.8046875
0.05859375,-0.0546875,0.8046875
0.05859375,-0.0546875,0.8046875
0.05859375,-0.0546875,0.8046875
0.05859375,-0.0546875,0.8046875
0.05859375,-0.0546875,0.8046875
0.05859375,-0.0546875,0.8046875
0.05859375,-0.0546875,0.8046875
0.05859375,-0.0546875,0.8046875
0.05859375,-0.0546875,0.8046875
0.05859375,-0.0546875,0.8046875
0.05859375,-0.04296875,0.79296875
0.05859375,-0.04296875,0.79296875
0.05859375,-0.04296875,0.79296875
0.05859375,-0.04296875,0.79296875
0.05859375,-0.04296875,0.79296875
0.05859375,-0.04296875,0.79296875
0.05859375,-0.04296875,0.79296875
0.05859375,-0.04296875,0.79296875
0.05859375,-0.04296875,0.79296875
0.05859375,-0.04296875,0.79296875
0.05859375,-0.04296875,0.79296875
0.05859375,-0.04296875,0.79296875
0.05859375,-0.04296875,0.79296875
0.05859375,-0.04296875,0.79296875
0.05859375,-0.04296875,0.79296875
0.05859375,-0.04296875,0.79296875
0.0546875,-0.04296875,0.7890625
0.0546875,-0.04296875,0.7890625
0.0546875,-0.04296875,0.7890625
0.0546875,-0.04296875,0.7890625
0.0546875,-0.04296875,0.7890625
0.0546875,-0.04296875,0.7890625
0.0546875,-0.04296875,0.7890625
0.0546875,-0.04296875,0.7890625
0.05078125,-0.03515625,0.79296875
0.05078125,-0.03515625,0.79296875
0.05078125,-0.03515625,0.79296875
0.05078125,-0.03515625,0.79296875
0.05078125,-0.03515625,0.79296875
0.05078125,-0.03515625,0.79296875
0.05078125,-0.03515625,0.79296875
0.05078125,-0.03515625,0.79296875
0.0546875,-0.04296875,0.78125
0.0546875,-0.04296875,0.78125
0.0546875,-0.04296875,0.78125
0.0546875,-0.04296875,0.78125
0.0546875,-0.04296875,0.78125
0.0546875,-0.04296875,0.78125
0.0546875,-0.04296875,0.78125
0.0546875,-0.04296875,0.78125
0.0546875,-0.04296875,0.78125
0.0546875,-0.04296875,0.78125
0.0546875,-0.04296875,0.78125
0.0546875,-0.04296875,0.78125
0.0546875,-0.04296875,0.78125
0.0546875,-0.04296875,0.78125
0.0546875,-0.04296875,0.78125
0.0546875,-0.04296875,0.78125
0.0546875,-0.04296875,0.77734375
0.0546875,-0.04296875,0.77734375
0.0546875,-0.04296875,0.77734375
0.0546875,-0.04296875,0.77734375
0.0546875,-0.04296875,0.77734375
0.0546875,-0.04296875,0.77734375
0.0546875,-0.04296875,0.77734375
0.0546875,-0.04296875,0.77734375
0.0546875,-0.04296875,0.77734375
0.0546875,-0.04296875,0.77734375
0.0546875,-0.04296875,0.77734375
0.0546875,-0.04296875,0.77734375
0.0546875,-0.04296875,0.77734375
0.0546875,-0.04296875,0.77734375
0.0546875,-0.04296875,0.77734375
0.0546875,-0.04296875,0.77734375
0.05859375,-0.046875,0.77734375
0.05859375,-0.046875,0.77734375
0.05859375,-0.046875,0.77734375
0.05859375,-0.046875,0.77734375
0.05859375,-0.046875,0.77734375
0.05859375,-0.046875,0.77734375
0.05859375,-0.046875,0.77734375
0.05859375,-0.0390625,0.7734375
0.05859375,-0.0390625,0.7734375
0.05859375,-0.0390625,0.7734375
0.05859375,-0.0390625,0.7734375
0.05859375,-0.0390625,0.7734375
0.05859375,-0.0390625,0.7734375
0.05859375,-0.0390625,0.7734375
0.05859375,-0.0390625,0.7734375
0.0546875,-0.04296875,0.7734375
0.0546875,-0.04296875,0.7734375
0.0546875,-0.04296875,0.7734375
0.0546875,-0.04296875,0.7734375
0.0546875,-0.04296875,0.7734375
0.0546875,-0.04296875,0.7734375
0.0546875,-0.04296875,0.7734375
0.0546875,-0.04296875,0.7734375
0.0546875,-0.04296875,0.7734375
0.0546875,-0.04296875,0.7734375
0.0546875,-0.04296875,0.7734375
0.0546875,-0.04296875,0.7734375
0.0546875,-0.04296875,0.7734375
0.0546875,-0.04296875,0.7734375
0.0546875,-0.04296875,0.7734375
0.0546875,-0.04296875,0.7734375
0.0625,-0.0390625,0.76953125
0.0625,-0.0390625,0.76953125
0.0625,-0.0390625,0.76953125
0.0625,-0.0390625,0.76953125
0.0625,-0.0390625,0.76953125
0.0625,-0.0390625,0.76953125
0.0625,-0.0390625,0.76953125
0.0625,-0.0390625,0.76953125
0.0625,-0.0390625,0.76953125
0.0625,-0.0390625,0.76953125
0.0625,-0.0390625,0.76953125
0.0625,-0.0390625,0.76953125
0.0625,-0.0390625,0.76953125
0.0625,-0.0390625,0.76953125
0.0625,-0.0390625,0.76953125
0.0625,-0.0390625,0.76953125
0.05859375,-0.04296875,0.77734375
0.05859375,-0.04296875,0.77734375
0.05859375,-0.04296875,0.77734375
0.05859375,-0.04296875,0.77734375
0.05859375,-0.04296875,0.77734375
0.05859375,-0.04296875,0.77734375
0.05859375,-0.04296875,0.77734375
0.05859375,-0.04296875,0.77734375
0.05859375,-0.046875,0.7890625
0.05859375,-0.046875,0.7890625
0.05859375,-0.046875,0.7890625
0.05859375,-0.046875,0.7890625
0.05859375,-0.046875,0.7890625
0.05859375,-0.046875,0.7890625
0.05859375,-0.046875,0.7890625
0.05859375,-0.046875,0.7890625
0.0546875,-0.046875,0.79296875
0.0546875,-0.046875,0.79296875
0.0546875,-0.046875,0.79296875
0.0546875,-0.046875,0.79296875
0.0546875,-0.046875,0.79296875
0.0546875,-0.046875,0.79296875
0.0546875,-0.046875,0.79296875
0.0546875,-0.046875,0.79296875
0.0546875,-0.046875,0.79296875
0.0546875,-0.046875,0.79296875
0.0546875,-0.046875,0.79296875
0.0546875,-0.046875,0.79296875
0.0546875,-0.046875,0.79296875
0.0546875,-0.046875,0.79296875
0.0546875,-0.046875,0.79296875
0.0546875,-0.046875,0.79296875
0.0625,-0.0546875,0.7890625
0.0625,-0.0546875,0.7890625
0.0625,-0.0546875,0.7890625
0.0625,-0.0546875,0.7890625
0.0625,-0.0546875,0.7890625
0.0625,-0.0546875,0.7890625
0.0625,-0.0546875,0.7890625
0.0625,-0.0546875,0.7890625
0.0625,-0.0546875,0.7890625
0.0625,-0.0546875,0.7890625
0.0625,-0.0546875,0.7890625
0.0625,-0.0546875,0.7890625
0.0625,-0.0546875,0.7890625
0.0625,-0.0546875,0.7890625
0.0625,-0.0546875,0.7890625
0.0625,-0.0546875,0.7890625
0.0625,-0.05078125,0.8125
0.0625,-0.05078125,0.8125
0.0625,-0.05078125,0.8125
0.0625,-0.05078125,0.8125
0.0625,-0.05078125,0.8125
0.0625,-0.05078125,0.8125
0.05859375,-0.05859375,0.8203125
0.05859375,-0.05859375,0.8203125
0.05859375,-0.05859375,0.8203125
0.05859375,-0.05859375,0.8203125
0.05859375,-0.05859375,0.8203125
0.05859375,-0.05859375,0.8203125
0.05859375,-0.05859375,0.8203125
0.05859375,-0.05859375,0.8203125
0.05859375,-0.05859375,0.8203125
0.05859375,-0.05859375,0.8203125
0.0625,-0.05859375,0.8203125
0.0625,-0.05859375,0.8203125
0.0625,-0.05859375,0.8203125
0.0625,-0.05859375,0.8203125
0.0625,-0.05859375,0.8203125
0.0625,-0.05859375,0.8203125
0.0625,-0.05859375,0.8203125
0.0625,-0.05859375,0.8203125
0.0625,-0.05859375,0.8203125
0.0625,-0.05859375,0.8203125
0.0625,-0.05859375,0.8203125
0.0625,-0.05859375,0.8203125
0.0625,-0.05859375,0.8203125
0.0625,-0.05859375,0.8203125
0.0625,-0.05859375,0.8203125
0.0625,-0.05859375,0.8203125
0.0546875,-0.0546875,0.8203125
0.0546875,-0.0546875,0.8203125
0.0546875,-0.0546875,0.8203125
0.0546875,-0.0546875,0.8203125
0.0546875,-0.0546875,0.8203125
0.0546875,-0.0546875,0.8203125
0.0546875,-0.0546875,0.8203125
0.0546875,-0.0546875,0.8203125
0.0546875,-0.0546875,0.8203125
0.0546875,-0.0546875,0.8203125
0.0546875,-0.0546875,0.8203125
0.0546875,-0.0546875,0.8203125
0.0546875,-0.0546875,0.8203125
0.0546875,-0.0546875,0.8203125
0.0546875,-0.0546875,0.8203125
0.0546875,-0.0546875,0.8203125
0.0546875,-0.0546875,0.8125
0.0546875,-0.0546875,0.8125
0.0546875,-0.0546875,0.8125
0.0546875,-0.0546875,0.8125
0.0546875,-0.0546875,0.8125
0.0546875,-0.0546875,0.8125
0.0546875,-0.0546875,0.8125
0.0546875,-0.0546875,0.8125
0.0546875,-0.0546875,0.8125
0.05859375,-0.0546875,0.8125
0.05859375,-0.0546875,0.8125
0.05859375,-0.0546875,0.8125
0.05859375,-0.0546875,0.8125
0.05859375,-0.0546875,0.8125
0.05859375,-0.0546875,0.8125
0.05859375,-0.0546875,0.8125
0.05859375,-0.0546875,0.80859375
0.05859375,-0.0546875,0.80859375
0.05859375,-0.0546875,0.80859375
0.05859375,-0.0546875,0.80859375
0.05859375,-0.0546875,0.80859375
0.05859375,-0.0546875,0.80859375
0.05859375,-0.0546875,0.80859375
0.05859375,-0.0546875,0.80859375
0.05859375,-0.0546875,0.80859375
0.05859375,-0.0546875,0.80859375
0.05859375,-0.0546875,0.80859375
0.05859375,-0.0546875,0.80859375
0.05859375,-0.0546875,0.80859375
0.05859375,-0.0546875,0.80859375
0.05859375,-0.0546875,0.80859375
0.05859375,-0.0546875,0.80859375
0.0625,-0.0546875,0.8046875
0.05859375,-0.05859375,0.80078125
0.05859375,-0.05859375,0.80078125
0.05859375,-0.05859375,0.80078125
0.05859375,-0.05859375,0.80078125
0.05859375,-0.05859375,0.80078125
0.05859375,-0.05859375,0.80078125
0.05859375,-0.05859375,0.80078125
0.05859375,-0.05859375,0.80078125
0.05859375,-0.05859375,0.80078125
0.05859375,-0.05859375,0.80078125
0.05859375,-0.05859375,0.80078125
0.05859375,-0.05859375,0.80078125
0.05859375,-0.05859375,0.80078125
0.05859375,-0.05859375,0.80078125
0.05859375,-0.05859375,0.80078125
0.05859375,-0.04296875,0.78125
0.05859375,-0.04296875,0.78125
0.05859375,-0.04296875,0.78125
0.05859375,-0.04296875,0.78125
0.05859375,-0.04296875,0.78125
0.05859375,-0.04296875,0.78125
0.05859375,-0.04296875,0.78125
0.05859375,-0.04296875,0.78125
0.05859375,-0.04296875,0.78125
0.0546875,-0.03515625,0.79296875
0.0546875,-0.03515625,0.79296875
0.0546875,-0.03515625,0.79296875
0.0546875,-0.03515625,0.79296875
0.0546875,-0.03515625,0.79296875
0.0546875,-0.03515625,0.79296875
0.0546875,-0.03515625,0.79296875
0.05078125,-0.046875,0.7890625
0.05078125,-0.046875,0.7890625
0.05078125,-0.046875,0.7890625
0.05078125,-0.046875,0.7890625
0.05078125,-0.046875,0.7890625
0.05078125,-0.046875,0.7890625
0.05078125,-0.046875,0.7890625
0.05078125,-0.046875,0.7890625
0.05078125,-0.046875,0.7890625
0.05078125,-0.046875,0.7890625
0.05078125,-0.046875,0.7890625
0.05078125,-0.046875,0.7890625
0.05078125,-0.046875,0.7890625
0.05078125,-0.046875,0.7890625
0.05078125,-0.046875,0.7890625
0.05078125,-0.046875,0.7890625
0.05859375,-0.04296875,0.78515625
0.0546875,-0.04296875,0.77734375
0.0546875,-0.04296875,0.77734375
0.0546875,-0.04296875,0.77734375
0.0546875,-0.04296875,0.77734375
0.0546875,-0.04296875,0.77734375
0.0546875,-0.04296875,0.77734375
0.0546875,-0.04296875,0.77734375
0.0546875,-0.04296875,0.77734375
0.0546875,-0.04296875,0.77734375
0.0546875,-0.04296875,0.77734375
0.0546875,-0.04296875,0.77734375
0.0546875,-0.04296875,0.77734375
0.0546875,-0.04296875,0.77734375
0.0546875,-0.04296875,0.77734375
0.0546875,-0.04296875,0.77734375
0.05859375,-0.04296875,0.77734375
0.05859375,-0.04296875,0.77734375
0.05859375,-0.04296875,0.77734375
0.05859375,-0.04296875,0.77734375
0.05859375,-0.04296875,0.77734375
0.05859375,-0.04296875,0.77734375
0.05859375,-0.04296875,0.77734375
0.05859375,-0.04296875,0.77734375
0.05859375,-0.04296875,0.77734375
0.05859375,-0.04296875,0.77734375
0.05859375,-0.04296875,0.76953125
0.05859375,-0.04296875,0.76953125
0.05859375,-0.04296875,0.76953125
0.05859375,-0.04296875,0.76953125
0.05859375,-0.04296875,0.76953125
0.05859375,-0.04296875,0.76953125
0.05859375,-0.04296875,0.7734375
0.05859375,-0.04296875,0.7734375
0.05859375,-0.04296875,0.7734375
0.05859375,-0.04296875,0.7734375
0.05859375,-0.04296875,0.7734375
0.05859375,-0.04296875,0.7734375
0.05859375,-0.04296875,0.7734375
0.05859375,-0.04296875,0.7734375
0.05859375,-0.04296875,0.7734375
0.05859375,-0.04296875,0.7734375
0.05859375,-0.04296875,0.7734375
0.05859375,-0.04296875,0.7734375
0.05859375,-0.04296875,0.7734375
0.05859375,-0.04296875,0.7734375
0.05859375,-0.04296875,0.7734375
0.05859375,-0.04296875,0.7734375
0.05859375,-0.0390625,0.78125
0.05859375,-0.0390625,0.78125
0.05859375,-0.04296875,0.7734375
0.05859375,-0.04296875,0.7734375
0.05859375,-0.04296875,0.7734375
0.05859375,-0.04296875,0.7734375
0.05859375,-0.04296875,0.7734375
0.05859375,-0.04296875,0.7734375
0.05859375,-0.04296875,0.7734375
0.05859375,-0.04296875,0.7734375
0.05859375,-0.04296875,0.7734375
0.05859375,-0.04296875,0.7734375
0.05859375,-0.04296875,0.7734375
0.05859375,-0.04296875,0.7734375
0.05859375,-0.04296875,0.7734375
0.05859375,-0.04296875,0.7734375
0.0546875,-0.04296875,0.7734375
0.0546875,-0.04296875,0.7734375
0.0546875,-0.04296875,0.7734375
0.0546875,-0.04296875,0.7734375
0.0546875,-0.04296875,0.7734375
0.0546875,-0.04296875,0.7734375
0.0546875,-0.04296875,0.7734375
0.0546875,-0.04296875,0.7734375
0.0546875,-0.04296875,0.7734375
0.0546875,-0.04296875,0.7734375
0.06640625,-0.046875,0.7734375
0.06640625,-0.046875,0.7734375
0.06640625,-0.046875,0.7734375
0.06640625,-0.046875,0.7734375
0.06640625,-0.046875,0.7734375
0.06640625,-0.046875,0.7734375
0.05859375,-0.046875,0.78125
0.05859375,-0.046875,0.78125
0.05859375,-0.046875,0.78125
0.05859375,-0.046875,0.78125
0.05859375,-0.046875,0.78125
0.05859375,-0.046875,0.78125
0.05859375,-0.046875,0.78125
0.05859375,-0.046875,0.78125
0.05859375,-0.046875,0.78125
0.05859375,-0.046875,0.78125
0.05859375,-0.046875,0.78125
0.05859375,-0.046875,0.78125
0.05859375,-0.046875,0.78125
0.05859375,-0.046875,0.78125
0.05859375,-0.046875,0.78125
0.05859375,-0.046875,0.78125
0.05859375,-0.046875,0.77734375
0.05859375,-0.046875,0.77734375
0.0546875,-0.0546875,0.79296875
0.0546875,-0.0546875,0.79296875
0.0546875,-0.0546875,0.79296875
0.0546875,-0.0546875,0.79296875
0.0546875,-0.0546875,0.79296875
0.0546875,-0.0546875,0.79296875
0.0546875,-0.0546875,0.79296875
0.0546875,-0.0546875,0.79296875
0.0546875,-0.0546875,0.79296875
0.0546875,-0.0546875,0.79296875
0.0546875,-0.0546875,0.79296875
0.0546875,-0.0546875,0.79296875
0.0546875,-0.0546875,0.79296875
0.0546875,-0.0546875,0.79296875
0.0625,-0.05078125,0.796875
0.0625,-0.05078125,0.796875
0.0625,-0.05078125,0.796875
0.0625,-0.05078125,0.796875
0.0625,-0.05078125,0.796875
0.0625,-0.05078125,0.796875
0.0625,-0.05078125,0.796875
0.0625,-0.05078125,0.796875
0.0625,-0.05078125,0.796875
0.0625,-0.05078125,0.796875
0.0625,-0.05078125,0.796875
0.05859375,-0.05078125,0.796875
0.05859375,-0.05078125,0.796875
0.05859375,-0.05078125,0.796875
0.05859375,-0.05078125,0.796875
0.05859375,-0.05078125,0.796875
0.05859375,-0.0546875,0.80859375
0.05859375,-0.0546875,0.80859375
0.05859375,-0.0546875,0.80859375
0.05859375,-0.0546875,0.80859375
0.05859375,-0.0546875,0.80859375
0.05859375,-0.0546875,0.80859375
0.05859375,-0.0546875,0.80859375
0.05859375,-0.0546875,0.80859375
0.05859375,-0.0546875,0.80859375
0.05859375,-0.0546875,0.80859375
0.05859375,-0.0546875,0.80859375
0.05859375,-0.0546875,0.80859375
0.05859375,-0.0546875,0.80859375
0.05859375,-0.0546875,0.80859375
0.05859375,-0.0546875,0.80859375
0.05859375,-0.0546875,0.80859375
0.0703125,-0.046875,0.8203125
0.0703125,-0.046875,0.8203125
0.0546875,-0.0546875,0.8203125
0.0546875,-0.0546875,0.8203125
0.0546875,-0.0546875,0.8203125
0.0546875,-0.0546875,0.8203125
0.0546875,-0.0546875,0.8203125
0.0546875,-0.0546875,0.8203125
0.0546875,-0.0546875,0.8203125
0.0546875,-0.0546875,0.8203125
0.0546875,-0.0546875,0.8203125
0.0546875,-0.0546875,0.8203125
0.0546875,-0.0546875,0.8203125
0.0546875,-0.0546875,0.8203125
0.0546875,-0.0546875,0.8203125
0.0546875,-0.0546875,0.8203125
0.05859375,-0.0546875,0.8125
0.05859375,-0.0546875,0.8125
0.05859375,-0.0546875,0.8125
0.05859375,-0.0546875,0.8125
0.05859375,-0.0546875,0.8125
0.05859375,-0.0546875,0.8125
0.05859375,-0.0546875,0.8125
0.05859375,-0.0546875,0.8125
0.05859375,-0.0546875,0.8125
0.05859375,-0.0546875,0.8125
0.05859375,-0.0546875,0.8125
0.05859375,-0.046875,0.83203125
0.05859375,-0.046875,0.83203125
0.05859375,-0.046875,0.83203125
0.05859375,-0.046875,0.83203125
0.05859375,-0.046875,0.83203125
0.0546875,-0.0546875,0.8203125
0.0546875,-0.0546875,0.8203125
0.0546875,-0.0546875,0.8203125
0.0546875,-0.0546875,0.8203125
0.0546875,-0.0546875,0.8203125
0.0546875,-0.0546875,0.8203125
0.0546875,-0.0546875,0.8203125
0.0546875,-0.0546875,0.8203125
0.0546875,-0.0546875,0.8203125
0.0546875,-0.0546875,0.8203125
0.0546875,-0.0546875,0.8203125
0.0546875,-0.0546875,0.8203125
0.0546875,-0.0546875,0.8203125
0.0546875,-0.0546875,0.8203125
0.0546875,-0.0546875,0.8203125
0.0546875,-0.0546875,0.8203125
0.0703125,-0.05078125,0.8203125
0.0703125,-0.05078125,0.8203125
0.05078125,-0.05078125,0.81640625
0.05078125,-0.05078125,0.81640625
0.05078125,-0.05078125,0.81640625
0.05078125,-0.05078125,0.81640625
0.05078125,-0.05078125,0.81640625
0.05078125,-0.05078125,0.81640625
0.05078125,-0.05078125,0.81640625
0.05078125,-0.05078125,0.81640625
0.05078125,-0.05078125,0.81640625
0.05078125,-0.05078125,0.81640625
0.05078125,-0.05078125,0.81640625
0.05078125,-0.05078125,0.81640625
0.05078125,-0.05078125,0.81640625
0.05078125,-0.05078125,0.81640625
0.0546875,-0.0546875,0.80078125
0.0546875,-0.0546875,0.80078125
0.0546875,-0.0546875,0.80078125
0.0546875,-0.0546875,0.80078125
0.0546875,-0.0546875,0.80078125
0.0546875,-0.0546875,0.80078125
0.0546875,-0.0546875,0.80078125
0.0546875,-0.0546875,0.80078125
0.0546875,-0.0546875,0.80078125
0.0546875,-0.0546875,0.80078125
0.0546875,-0.0546875,0.80078125
0.0546875,-0.04296875,0.8046875
0.0546875,-0.04296875,0.8046875
0.0546875,-0.04296875,0.8046875
0.0546875,-0.04296875,0.8046875
0.0546875,-0.04296875,0.8046875
0.05859375,-0.046875,0.79296875
0.05859375,-0.046875,0.79296875
0.05859375,-0.046875,0.79296875
0.05859375,-0.046875,0.79296875
0.05859375,-0.046875,0.79296875
0.05859375,-0.046875,0.79296875
0.05859375,-0.046875,0.79296875
0.05859375,-0.046875,0.79296875
0.05859375,-0.046875,0.79296875
0.05859375,-0.046875,0.79296875
0.05859375,-0.046875,0.79296875
0.05859375,-0.046875,0.79296875
0.05859375,-0.046875,0.79296875
0.05859375,-0.046875,0.79296875
0.05859375,-0.046875,0.79296875
0.05859375,-0.046875,0.79296875
0.046875,-0.0390625,0.80078125
0.046875,-0.0390625,0.80078125
0.046875,-0.0390625,0.80078125
0.0546875,-0.046875,0.78125
0.0546875,-0.046875,0.78125
0.0546875,-0.046875,0.78125
0.0546875,-0.046875,0.78125
0.0546875,-0.046875,0.78125
0.0546875,-0.046875,0.78125
0.0546875,-0.046875,0.78125
0.0546875,-0.046875,0.78125
0.0546875,-0.046875,0.78125
0.0546875,-0.046875,0.78125
0.0546875,-0.046875,0.78125
0.0546875,-0.046875,0.78125
0.0546875,-0.046875,0.78125
0.05859375,-0.0390625,0.78125
0.05859375,-0.0390625,0.78125
0.05859375,-0.0390625,0.78125
0.05859375,-0.0390625,0.78125
0.05859375,-0.0390625,0.78125
0.05859375,-0.0390625,0.78125
0.05859375,-0.0390625,0.78125
0.05859375,-0.0390625,0.78125
0.05859375,-0.0390625,0.78125
0.05859375,-0.0390625,0.78125
0.05859375,-0.0390625,0.78125
0.05859375,-0.0390625,0.78125
0.0625,-0.04296875,0.78515625
0.0625,-0.04296875,0.78515625
0.0625,-0.04296875,0.78515625
0.0625,-0.04296875,0.78515625
0.0546875,-0.0390625,0.7734375
0.0546875,-0.0390625,0.7734375
0.0546875,-0.0390625,0.7734375
0.0546875,-0.0390625,0.7734375
0.0546875,-0.0390625,0.7734375
0.0546875,-0.0390625,0.7734375
0.0546875,-0.0390625,0.7734375
0.0546875,-0.0390625,0.7734375
0.0546875,-0.0390625,0.7734375
0.0546875,-0.0390625,0.7734375
0.0546875,-0.0390625,0.7734375
0.0546875,-0.0390625,0.7734375
0.0546875,-0.0390625,0.7734375
0.0546875,-0.0390625,0.7734375
0.0546875,-0.0390625,0.7734375
0.0546875,-0.0390625,0.7734375
0.05859375,-0.03515625,0.7734375
0.05859375,-0.03515625,0.7734375
0.05859375,-0.03515625,0.7734375
0.05859375,-0.04296875,0.7734375
0.05859375,-0.04296875,0.7734375
0.05859375,-0.04296875,0.7734375
0.05859375,-0.04296875,0.7734375
0.05859375,-0.04296875,0.7734375
0.05859375,-0.04296875,0.7734375
0.05859375,-0.04296875,0.7734375
0.05859375,-0.04296875,0.7734375
0.05859375,-0.04296875,0.7734375
0.05859375,-0.04296875,0.7734375
0.05859375,-0.04296875,0.7734375
0.05859375,-0.04296875,0.7734375
0.05859375,-0.04296875,0.7734375
0.0546875,-0.0390625,0.7734375
0.0546875,-0.0390625,0.7734375
0.0546875,-0.0390625,0.7734375
0.0546875,-0.0390625,0.7734375
0.0546875,-0.0390625,0.7734375
0.0546875,-0.0390625,0.7734375
0.0546875,-0.0390625,0.7734375
0.0546875,-0.0390625,0.7734375
0.0546875,-0.0390625,0.7734375
0.0546875,-0.0390625,0.7734375
0.0546875,-0.0390625,0.7734375
0.0546875,-0.0390625,0.7734375
0.0703125,-0.03515625,0.765625
0.0703125,-0.03515625,0.765625
0.0703125,-0.03515625,0.765625
0.0703125,-0.03515625,0.765625
0.0625,-0.04296875,0.78125
0.0625,-0.04296875,0.78125
0.0625,-0.04296875,0.78125
0.0625,-0.04296875,0.78125
0.0625,-0.04296875,0.78125
0.0625,-0.04296875,0.78125
0.0625,-0.04296875,0.78125
0.0625,-0.04296875,0.78125
0.0625,-0.04296875,0.78125
0.0625,-0.04296875,0.78125
0.0625,-0.04296875,0.78125
0.0625,-0.04296875,0.78125
0.0625,-0.04296875,0.78125
0.0625,-0.04296875,0.78125
0.0625,-0.04296875,0.78125
0.0625,-0.04296875,0.78125
0.0625,-0.04296875,0.78125
0.0625,-0.04296875,0.78125
0.0625,-0.04296875,0.78125
0.0625,-0.04296875,0.78125
0.0625,-0.04296875,0.77734375
0.0625,-0.04296875,0.77734375
0.0625,-0.04296875,0.77734375
0.0625,-0.04296875,0.77734375
0.0625,-0.04296875,0.77734375
0.0625,-0.04296875,0.77734375
0.0625,-0.04296875,0.77734375
0.0625,-0.04296875,0.77734375
0.0625,-0.04296875,0.77734375
0.0625,-0.04296875,0.77734375
0.0625,-0.04296875,0.77734375
0.0625,-0.04296875,0.77734375
0.0546875,-0.046875,0.796875
0.0546875,-0.046875,0.796875
0.0546875,-0.046875,0.796875
0.0546875,-0.046875,0.796875
0.0546875,-0.046875,0.796875
0.0546875,-0.046875,0.796875
0.0546875,-0.046875,0.796875
0.0546875,-0.046875,0.796875
0.0546875,-0.046875,0.796875
0.0546875,-0.046875,0.796875
0.0546875,-0.046875,0.796875
0.0546875,-0.046875,0.796875
0.0703125,-0.046875,0.7890625
0.0703125,-0.046875,0.7890625
0.0703125,-0.046875,0.7890625
0.0703125,-0.046875,0.7890625
0.0546875,-0.05078125,0.796875
0.0546875,-0.05078125,0.796875
0.0546875,-0.05078125,0.796875
0.0546875,-0.05078125,0.796875
0.0546875,-0.05078125,0.796875
0.0546875,-0.05078125,0.796875
0.0546875,-0.05078125,0.796875
0.0546875,-0.05078125,0.796875
0.0546875,-0.05078125,0.796875
0.0546875,-0.05078125,0.796875
0.0546875,-0.05078125,0.796875
0.0546875,-0.05078125,0.796875
0.0546875,-0.05078125,0.796875
0.0546875,-0.05078125,0.796875
0.0546875,-0.05078125,0.796875
0.0546875,-0.05078125,0.796875
0.0625,-0.0546875,0.80859375
0.0625,-0.0546875,0.80859375
0.0625,-0.0546875,0.80859375
0.0625,-0.0546875,0.80859375
0.0625,-0.05078125,0.82421875
0.0625,-0.05078125,0.82421875
0.0625,-0.05078125,0.82421875
0.0625,-0.05078125,0.82421875
0.0625,-0.05078125,0.82421875
0.0625,-0.05078125,0.82421875
0.0625,-0.05078125,0.82421875
0.0625,-0.05078125,0.82421875
0.0625,-0.05078125,0.82421875
0.0625,-0.05078125,0.82421875
0.0625,-0.05078125,0.82421875
0.0625,-0.05078125,0.82421875
0.05859375,-0.0546875,0.80859375
0.05859375,-0.0546875,0.80859375
0.05859375,-0.0546875,0.80859375
0.05859375,-0.0546875,0.80859375
0.05859375,-0.0546875,0.80859375
0.05859375,-0.0546875,0.80859375
0.05859375,-0.0546875,0.80859375
0.05859375,-0.0546875,0.80859375
0.05859375,-0.0546875,0.80859375
0.05859375,-0.0546875,0.80859375
0.05859375,-0.0546875,0.80859375
0.05859375,-0.0546875,0.80859375
0.05859375,-0.0546875,0.80859375
0.05859375,-0.05078125,0.8203125
0.05859375,-0.05078125,0.8203125
0.05859375,-0.05078125,0.8203125
0.0546875,-0.05859375,0.82421875
0.0546875,-0.05859375,0.82421875
0.0546875,-0.05859375,0.82421875
0.0546875,-0.05859375,0.82421875
0.0546875,-0.05859375,0.82421875
0.0546875,-0.05859375,0.82421875
0.0546875,-0.05859375,0.82421875
0.0546875,-0.05859375,0.82421875
0.0546875,-0.05859375,0.82421875
0.0546875,-0.05859375,0.82421875
0.0546875,-0.05859375,0.82421875
0.0546875,-0.05859375,0.82421875
0.0546875,-0.05859375,0.82421875
0.0546875,-0.05859375,0.82421875
0.0546875,-0.05859375,0.82421875
0.0546875,-0.05859375,0.82421875
0.0625,-0.0546875,0.8203125
0.0625,-0.0546875,0.8203125
0.0625,-0.0546875,0.8203125
0.0625,-0.0546875,0.8203125
0.0625,-0.0546875,0.8203125
0.05859375,-0.0546875,0.80859375
0.05859375,-0.0546875,0.80859375
0.05859375,-0.0546875,0.80859375
0.05859375,-0.0546875,0.80859375
0.05859375,-0.0546875,0.80859375
0.05859375,-0.0546875,0.80859375
0.05859375,-0.0546875,0.80859375
0.05859375,-0.0546875,0.80859375
0.05859375,-0.0546875,0.80859375
0.05859375,-0.0546875,0.80859375
0.05859375,-0.0546875,0.80859375
0.05859375,-0.05078125,0.8125
0.05859375,-0.05078125,0.8125
0.05859375,-0.05078125,0.8125
0.05859375,-0.05078125,0.8125
0.05859375,-0.05078125,0.8125
0.05859375,-0.05078125,0.8125
0.05859375,-0.05078125,0.8125
0.05859375,-0.05078125,0.8125
0.05859375,-0.05078125,0.8125
0.05859375,-0.05078125,0.8125
0.05859375,-0.05078125,0.8125
0.05859375,-0.05078125,0.8125
0.05859375,-0.05078125,0.8125
0.05859375,-0.04296875,0.796875
0.05859375,-0.04296875,0.796875
0.05859375,-0.04296875,0.796875
0.0546875,-0.05078125,0.80078125
0.0546875,-0.05078125,0.80078125
0.0546875,-0.05078125,0.80078125
0.0546875,-0.05078125,0.80078125
0.0546875,-0.05078125,0.80078125
0.0546875,-0.05078125,0.80078125
0.0546875,-0.05078125,0.80078125
0.0546875,-0.05078125,0.80078125
0.0546875,-0.05078125,0.80078125
0.0546875,-0.05078125,0.80078125
0.0546875,-0.05078125,0.80078125
0.0546875,-0.05078125,0.80078125
0.0546875,-0.05078125,0.80078125
0.0546875,-0.05078125,0.80078125
0.0546875,-0.05078125,0.80078125
0.0546875,-0.05078125,0.80078125
0.05859375,-0.05078125,0.80078125
0.05859375,-0.05078125,0.80078125
0.05859375,-0.05078125,0.80078125
0.05859375,-0.05078125,0.80078125
0.05859375,-0.05078125,0.80078125
0.05859375,-0.04296875,0.796875
0.05859375,-0.04296875,0.796875
0.05859375,-0.04296875,0.796875
0.05859375,-0.04296875,0.796875
0.05859375,-0.04296875,0.796875
0.05859375,-0.04296875,0.796875
0.05859375,-0.04296875,0.796875
0.05859375,-0.04296875,0.796875
0.05859375,-0.04296875,0.796875
0.05859375,-0.04296875,0.796875
0.05859375,-0.04296875,0.796875
0.05859375,-0.046875,0.78515625
0.05859375,-0.046875,0.78515625
0.05859375,-0.046875,0.78515625
0.05859375,-0.046875,0.78515625
0.05859375,-0.046875,0.78515625
0.05859375,-0.046875,0.78515625
0.05859375,-0.046875,0.77734375
0.05859375,-0.046875,0.77734375
0.05859375,-0.046875,0.77734375
0.05859375,-0.046875,0.77734375
0.05859375,-0.046875,0.77734375
0.05859375,-0.046875,0.77734375
0.05859375,-0.046875,0.77734375
0.05859375,-0.046875,0.77734375
0.05859375,-0.046875,0.77734375
0.05859375,-0.046875,0.77734375
0.05859375,-0.046875,0.78125
0.05859375,-0.046875,0.78125
0.05859375,-0.046875,0.78125
0.05859375,-0.046875,0.78125
0.05859375,-0.046875,0.78125
0.05859375,-0.046875,0.78125
0.05859375,-0.046875,0.78125
0.05859375,-0.046875,0.78125
0.05859375,-0.046875,0.78125
0.05859375,-0.046875,0.78125
0.05859375,-0.046875,0.78125
0.05859375,-0.046875,0.78125
0.05859375,-0.046875,0.78125
0.05859375,-0.046875,0.78125
0.05859375,-0.046875,0.78125
0.05859375,-0.046875,0.78125
0.0625,-0.04296875,0.78515625
0.0625,-0.04296875,0.78515625
0.0625,-0.04296875,0.78515625
0.0625,-0.04296875,0.78515625
0.0625,-0.04296875,0.78515625
0.0546875,-0.04296875,0.78125
0.0546875,-0.04296875,0.78125
0.0546875,-0.04296875,0.78125
0.0546875,-0.04296875,0.78125
0.0546875,-0.04296875,0.78125
0.0546875,-0.04296875,0.78125
0.0546875,-0.04296875,0.78125
0.0546875,-0.04296875,0.78125
0.0546875,-0.04296875,0.78125
0.0546875,-0.04296875,0.78125
0.0546875,-0.04296875,0.78125
0.0546875,-0.046875,0.77734375
0.0546875,-0.046875,0.77734375
0.0546875,-0.046875,0.77734375
0.0546875,-0.046875,0.77734375
0.0546875,-0.046875,0.77734375
0.0546875,-0.046875,0.77734375
0.0546875,-0.046875,0.77734375
0.0546875,-0.046875,0.77734375
0.0546875,-0.046875,0.77734375
0.0546875,-0.046875,0.77734375
0.0546875,-0.046875,0.77734375
0.0546875,-0.046875,0.77734375
0.0546875,-0.046875,0.77734375
0.0625,-0.03515625,0.7734375
0.0625,-0.03515625,0.7734375
0.0625,-0.03515625,0.7734375
0.0546875,-0.04296875,0.76953125
0.0546875,-0.04296875,0.76953125
0.0546875,-0.04296875,0.76953125
0.0546875,-0.04296875,0.76953125
0.0546875,-0.04296875,0.76953125
0.0546875,-0.04296875,0.76953125
0.0546875,-0.04296875,0.76953125
0.0546875,-0.04296875,0.76953125
0.0546875,-0.04296875,0.76953125
0.0546875,-0.04296875,0.76953125
0.0546875,-0.04296875,0.76953125
0.0546875,-0.04296875,0.76953125
0.0546875,-0.04296875,0.76953125
0.0546875,-0.04296875,0.76953125
0.0546875,-0.04296875,0.76953125
0.0546875,-0.04296875,0.76953125
0.05859375,-0.0390625,0.76953125
0.05859375,-0.0390625,0.76953125
0.05859375,-0.0390625,0.76953125
0.05859375,-0.0390625,0.76953125
0.05859375,-0.0390625,0.76953125
0.05859375,-0.0390625,0.76953125
0.0703125,-0.04296875,0.78125
0.0703125,-0.04296875,0.78125
0.0703125,-0.04296875,0.78125
0.0703125,-0.04296875,0.78125
0.0703125,-0.04296875,0.78125
0.0703125,-0.04296875,0.78125
0.0703125,-0.04296875,0.78125
0.0703125,-0.04296875,0.78125
0.0703125,-0.04296875,0.78125
0.0703125,-0.04296875,0.78125
0.06640625,-0.046875,0.77734375
0.06640625,-0.046875,0.77734375
0.06640625,-0.046875,0.77734375
0.06640625,-0.046875,0.77734375
0.06640625,-0.046875,0.77734375
0.06640625,-0.046875,0.77734375
0.06640625,-0.046875,0.77734375
0.06640625,-0.046875,0.77734375
0.06640625,-0.046875,0.77734375
0.06640625,-0.046875,0.77734375
0.06640625,-0.046875,0.77734375
0.06640625,-0.046875,0.77734375
0.06640625,-0.046875,0.77734375
0.06640625,-0.046875,0.77734375
0.05859375,-0.04296875,0.7890625
0.05859375,-0.04296875,0.7890625
0.05859375,-0.05078125,0.7890625
0.05859375,-0.05078125,0.7890625
0.05859375,-0.05078125,0.7890625
0.05859375,-0.05078125,0.7890625
0.05859375,-0.05078125,0.7890625
0.05859375,-0.05078125,0.7890625
0.05859375,-0.05078125,0.7890625
0.05859375,-0.05078125,0.7890625
0.05859375,-0.05078125,0.7890625
0.05859375,-0.05078125,0.7890625
0.05859375,-0.05078125,0.7890625
0.05859375,-0.05078125,0.7890625
0.05859375,-0.05078125,0.7890625
0.05859375,-0.05078125,0.7890625
0.05859375,-0.05078125,0.7890625
0.05859375,-0.05078125,0.7890625
0.05859375,-0.046875,0.79296875
0.05859375,-0.046875,0.79296875
0.05859375,-0.046875,0.79296875
0.05859375,-0.046875,0.79296875
0.05859375,-0.046875,0.79296875
0.05859375,-0.046875,0.79296875
0.0625,-0.05078125,0.8046875
0.0625,-0.05078125,0.8046875
0.0625,-0.05078125,0.8046875
0.0625,-0.05078125,0.8046875
0.0625,-0.05078125,0.8046875
0.0625,-0.05078125,0.8046875
0.0625,-0.05078125,0.8046875
0.0625,-0.05078125,0.8046875
0.0625,-0.05078125,0.8046875
0.0625,-0.05078125,0.8046875
0.05859375,-0.05078125,0.8046875
0.05859375,-0.05078125,0.8046875
0.05859375,-0.05078125,0.8046875
0.05859375,-0.05078125,0.8046875
0.05859375,-0.05078125,0.8046875
0.05859375,-0.05078125,0.8046875
0.05859375,-0.05078125,0.8046875
0.05859375,-0.05078125,0.8046875
0.05859375,-0.05078125,0.8046875
0.05859375,-0.05078125,0.8046875
0.05859375,-0.05078125,0.8046875
0.05859375,-0.05078125,0.8046875
0.05859375,-0.05078125,0.8046875
0.05859375,-0.05078125,0.8046875
0.05859375,-0.05078125,0.8046875
0.0625,-0.046875,0.80859375
0.0546875,-0.0546875,0.82421875
0.0546875,-0.0546875,0.82421875
0.0546875,-0.0546875,0.82421875
0.0546875,-0.0546875,0.82421875
0.0546875,-0.0546875,0.82421875
0.0546875,-0.0546875,0.82421875
0.0546875,-0.0546875,0.82421875
0.0546875,-0.0546875,0.82421875
0.0546875,-0.0546875,0.82421875
0.0546875,-0.0546875,0.82421875
0.0546875,-0.0546875,0.82421875
0.0546875,-0.0546875,0.82421875
0.0546875,-0.0546875,0.82421875
0.0546875,-0.0546875,0.82421875
0.0546875,-0.0546875,0.82421875
0.0546875,-0.0546875,0.82421875
0.0625,-0.05859375,0.8203125
0.0625,-0.05859375,0.8203125
0.0625,-0.05859375,0.8203125
0.0625,-0.05859375,0.8203125
0.0625,-0.05859375,0.8203125
0.0625,-0.05859375,0.8203125
0.0625,-0.05859375,0.8203125
0.0625,-0.046875,0.8125
0.0625,-0.046875,0.8125
0.0625,-0.046875,0.8125
0.0625,-0.046875,0.8125
0.0625,-0.046875,0.8125
0.0625,-0.046875,0.8125
0.0625,-0.046875,0.8125
0.0625,-0.046875,0.8125
0.0625,-0.046875,0.8125
0.0546875,-0.05859375,0.8203125
0.0546875,-0.05859375,0.8203125
0.0546875,-0.05859375,0.8203125
0.0546875,-0.05859375,0.8203125
0.0546875,-0.05859375,0.8203125
0.0546875,-0.05859375,0.8203125
0.0546875,-0.05859375,0.8203125
0.0546875,-0.05859375,0.8203125
0.0546875,-0.05859375,0.8203125
0.0546875,-0.05859375,0.8203125
0.0546875,-0.05859375,0.8203125
0.0546875,-0.05859375,0.8203125
0.0546875,-0.05859375,0.8203125
0.0546875,-0.05859375,0.8203125
0.0546875,-0.05859375,0.8203125
0.06640625,-0.05078125,0.828125
0.0625,-0.0546875,0.8203125
0.0625,-0.0546875,0.8203125
0.0625,-0.0546875,0.8203125
0.0625,-0.0546875,0.8203125
0.0625,-0.0546875,0.8203125
0.0625,-0.0546875,0.8203125
0.0625,-0.0546875,0.8203125
0.0625,-0.0546875,0.8203125
0.0625,-0.0546875,0.8203125
0.0625,-0.0546875,0.8203125
0.0625,-0.0546875,0.8203125
0.0625,-0.0546875,0.8203125
0.0625,-0.0546875,0.8203125
0.0625,-0.0546875,0.8203125
0.0625,-0.0546875,0.8203125
0.0625,-0.0546875,0.8203125
0.05859375,-0.05859375,0.8125
0.05859375,-0.05859375,0.8125
0.05859375,-0.05859375,0.8125
0.05859375,-0.05859375,0.8125
0.05859375,-0.05859375,0.8125
0.05859375,-0.05859375,0.8125
0.05859375,-0.05859375,0.8125
0.0625,-0.05859375,0.796875
0.0625,-0.05859375,0.796875
0.0625,-0.05859375,0.796875
0.0625,-0.05859375,0.796875
0.0625,-0.05859375,0.796875
0.0625,-0.05859375,0.796875
0.0625,-0.05859375,0.796875
0.0625,-0.05859375,0.796875
0.0625,-0.05859375,0.796875
0.0546875,-0.05078125,0.7890625
0.0546875,-0.05078125,0.7890625
0.0546875,-0.05078125,0.7890625
0.0546875,-0.05078125,0.7890625
0.0546875,-0.05078125,0.7890625
0.0546875,-0.05078125,0.7890625
0.0546875,-0.05078125,0.7890625
0.0546875,-0.05078125,0.7890625
0.0546875,-0.05078125,0.7890625
0.0546875,-0.05078125,0.7890625
0.0546875,-0.05078125,0.7890625
0.0546875,-0.05078125,0.7890625
0.0546875,-0.05078125,0.7890625
0.0546875,-0.05078125,0.7890625
0.0546875,-0.05078125,0.7890625
0.0546875,-0.05078125,0.7890625
0.05859375,-0.05078125,0.7890625
0.05859375,-0.05078125,0.7890625
0.05859375,-0.05078125,0.7890625
0.05859375,-0.05078125,0.7890625
0.05859375,-0.05078125,0.7890625
0.05859375,-0.05078125,0.7890625
0.05859375,-0.05078125,0.7890625
0.05859375,-0.05078125,0.7890625
0.05859375,-0.05078125,0.7890625
0.05859375,-0.05078125,0.7890625
0.05859375,-0.05078125,0.7890625
0.05859375,-0.05078125,0.7890625
0.05859375,-0.05078125,0.7890625
0.05859375,-0.05078125,0.7890625
0.05859375,-0.05078125,0.7890625
0.05859375,-0.05078125,0.7890625
0.05078125,-0.04296875,0.78125
0.05078125,-0.04296875,0.78125
0.05078125,-0.04296875,0.78125
0.05078125,-0.04296875,0.78125
0.05078125,-0.04296875,0.78125
0.05078125,-0.04296875,0.78125
0.05078125,-0.04296875,0.78125
0.05859375,-0.046875,0.76953125
0.05859375,-0.046875,0.76953125
0.05859375,-0.046875,0.76953125
0.05859375,-0.046875,0.76953125
0.05859375,-0.046875,0.76953125
0.05859375,-0.046875,0.76953125
0.05859375,-0.046875,0.76953125
0.05859375,-0.046875,0.76953125
0.05859375,-0.046875,0.76953125
0.05078125,-0.05078125,0.77734375
0.05078125,-0.05078125,0.77734375
0.05078125,-0.05078125,0.77734375
0.05078125,-0.05078125,0.77734375
0.05078125,-0.05078125,0.77734375
0.05078125,-0.05078125,0.77734375
0.05078125,-0.05078125,0.77734375
0.05078125,-0.05078125,0.77734375
0.05078125,-0.05078125,0.77734375
0.05078125,-0.05078125,0.77734375
0.05078125,-0.05078125,0.77734375
0.05078125,-0.05078125,0.77734375
0.05078125,-0.05078125,0.77734375
0.05078125,-0.05078125,0.77734375
0.05078125,-0.05078125,0.77734375
0.05078125,-0.05078125,0.77734375
0.0625,-0.0390625,0.77734375
0.0625,-0.0390625,0.77734375
0.0625,-0.0390625,0.77734375
0.0625,-0.0390625,0.77734375
0.0625,-0.0390625,0.77734375
0.0625,-0.0390625,0.77734375
0.0625,-0.0390625,0.77734375
0.0625,-0.0390625,0.77734375
0.0625,-0.0390625,0.77734375
0.0625,-0.0390625,0.77734375
0.0625,-0.0390625,0.77734375
0.0625,-0.0390625,0.77734375
0.0625,-0.0390625,0.77734375
0.0625,-0.0390625,0.77734375
0.0625,-0.0390625,0.77734375
0.0625,-0.0390625,0.77734375
0.0625,-0.03125,0.77734375
0.0625,-0.03125,0.77734375
0.0625,-0.03125,0.77734375
0.0625,-0.03125,0.77734375
0.0625,-0.03125,0.77734375
0.0625,-0.03125,0.77734375
0.0625,-0.03125,0.77734375
0.0625,-0.03125,0.77734375
0.0625,-0.04296875,0.765625
0.0625,-0.04296875,0.765625
0.0625,-0.04296875,0.765625
0.0625,-0.04296875,0.765625
0.0625,-0.04296875,0.765625
0.0625,-0.04296875,0.765625
0.0625,-0.04296875,0.765625
0.0625,-0.04296875,0.765625
0.05859375,-0.03515625,0.77734375
0.05859375,-0.03515625,0.77734375
0.05859375,-0.03515625,0.77734375
0.05859375,-0.03515625,0.77734375
0.05859375,-0.03515625,0.77734375
0.05859375,-0.03515625,0.77734375
0.05859375,-0.03515625,0.77734375
0.05859375,-0.03515625,0.77734375
0.05859375,-0.03515625,0.77734375
0.05859375,-0.03515625,0.77734375
0.05859375,-0.03515625,0.77734375
0.05859375,-0.03515625,0.77734375
0.05859375,-0.03515625,0.77734375
0.05859375,-0.03515625,0.77734375
0.05859375,-0.03515625,0.77734375
0.05859375,-0.03515625,0.77734375
0.0625,-0.0546875,0.78125
0.0625,-0.0546875,0.78125
0.0625,-0.0546875,0.78125
0.0625,-0.0546875,0.78125
0.0625,-0.0546875,0.78125
0.0625,-0.0546875,0.78125
0.0625,-0.0546875,0.78125
0.0625,-0.0546875,0.78125
0.0625,-0.0546875,0.78125
0.0625,-0.0546875,0.78125
0.0625,-0.0546875,0.78125
0.0625,-0.0546875,0.78125
0.0625,-0.0546875,0.78125
0.0625,-0.0546875,0.78125
0.0625,-0.0546875,0.78125
0.0625,-0.0546875,0.78125
0.0625,-0.04296875,0.79296875
0.0625,-0.04296875,0.79296875
0.0625,-0.04296875,0.79296875
0.0625,-0.04296875,0.79296875
0.0625,-0.04296875,0.79296875
0.0625,-0.04296875,0.79296875
0.0625,-0.04296875,0.79296875
0.0625,-0.04296875,0.79296875
0.0625,-0.0546875,0.78515625
0.0625,-0.0546875,0.78515625
0.0625,-0.0546875,0.78515625
0.0625,-0.0546875,0.78515625
0.0625,-0.0546875,0.78515625
0.0625,-0.0546875,0.78515625
0.0625,-0.0546875,0.78515625
0.0625,-0.0546875,0.78515625
0.0625,-0.0546875,0.796875
0.0625,-0.0546875,0.796875
0.0625,-0.0546875,0.796875
0.0625,-0.0546875,0.796875
0.0625,-0.0546875,0.796875
0.0625,-0.0546875,0.796875
0.0625,-0.0546875,0.796875
0.0625,-0.0546875,0.796875
0.0625,-0.0546875,0.796875
0.0625,-0.0546875,0.796875
0.0625,-0.0546875,0.796875
0.0625,-0.0546875,0.796875
0.0625,-0.0546875,0.796875
0.0625,-0.0546875,0.796875
0.0625,-0.0546875,0.796875
0.0625,-0.0546875,0.796875
0.0546875,-0.0546875,0.8046875
0.0546875,-0.0546875,0.8046875
0.0546875,-0.0546875,0.8046875
0.0546875,-0.0546875,0.8046875
0.0546875,-0.0546875,0.8046875
0.0546875,-0.0546875,0.8046875
0.0546875,-0.0546875,0.8046875
0.0546875,-0.0546875,0.8046875
0.0546875,-0.0546875,0.8046875
0.0546875,-0.0546875,0.8046875
0.0546875,-0.0546875,0.8046875
0.0546875,-0.0546875,0.8046875
0.0546875,-0.0546875,0.8046875
0.0546875,-0.0546875,0.8046875
0.0546875,-0.0546875,0.8046875
0.0546875,-0.0546875,0.8046875
0.05859375,-0.0546875,0.80859375
0.05859375,-0.0546875,0.80859375
0.05859375,-0.0546875,0.80859375
0.05859375,-0.0546875,0.80859375
0.05859375,-0.0546875,0.80859375
0.05859375,-0.0546875,0.80859375
0.05859375,-0.0546875,0.80859375
0.05859375,-0.0546875,0.80859375
0.05859375,-0.0546875,0.80859375
0.05859375,-0.05078125,0.8203125
0.05859375,-0.05078125,0.8203125
0.05859375,-0.05078125,0.8203125
0.05859375,-0.05078125,0.8203125
0.05859375,-0.05078125,0.8203125
0.05859375,-0.05078125,0.8203125
0.05859375,-0.05078125,0.8203125
0.0546875,-0.0546875,0.82421875
0.0546875,-0.0546875,0.82421875
0.0546875,-0.0546875,0.82421875
0.0546875,-0.0546875,0.82421875
0.0546875,-0.0546875,0.82421875
0.0546875,-0.0546875,0.82421875
0.0546875,-0.0546875,0.82421875
0.0546875,-0.0546875,0.82421875
0.0546875,-0.0546875,0.82421875
0.0546875,-0.0546875,0.82421875
0.0546875,-0.0546875,0.82421875
0.0546875,-0.0546875,0.82421875
0.0546875,-0.0546875,0.82421875
0.0546875,-0.0546875,0.82421875
0.0546875,-0.0546875,0.82421875
0.0546875,-0.0546875,0.82421875
0.05859375,-0.05859375,0.8125
0.05859375,-0.05859375,0.8125
0.05859375,-0.05859375,0.8125
0.05859375,-0.05859375,0.8125
0.05859375,-0.05859375,0.8125
0.05859375,-0.05859375,0.8125
0.05859375,-0.05859375,0.8125
0.05859375,-0.05859375,0.8125
0.05859375,-0.05859375,0.8125
0.05859375,-0.05859375,0.8125
0.05859375,-0.05859375,0.8125
0.05859375,-0.05859375,0.8125
0.05859375,-0.05859375,0.8125
0.05859375,-0.05859375,0.8125
0.05859375,-0.05859375,0.8125
0.05859375,-0.05859375,0.8125
0.05859375,-0.0546875,0.8125
0.05859375,-0.0546875,0.8125
0.05859375,-0.0546875,0.8125
0.05859375,-0.0546875,0.8125
0.05859375,-0.0546875,0.8125
0.05859375,-0.0546875,0.8125
0.05859375,-0.0546875,0.8125
0.05859375,-0.0546875,0.8125
0.05859375,-0.0546875,0.8125
0.05859375,-0.0546875,0.8125
0.05859375,-0.0546875,0.8125
0.05859375,-0.0546875,0.8125
0.05859375,-0.0546875,0.8125
0.05859375,-0.0546875,0.8125
0.05859375,-0.0546875,0.8125
0.05859375,-0.0546875,0.8125
0.0546875,-0.0546875,0.8046875
0.0546875,-0.0546875,0.8046875
0.0546875,-0.0546875,0.8046875
0.0546875,-0.0546875,0.8046875
0.0546875,-0.0546875,0.8046875
0.0546875,-0.0546875,0.8046875
0.0546875,-0.0546875,0.8046875
0.0546875,-0.0546875,0.8046875
0.0546875,-0.0546875,0.8046875
